# FreeSurfer LUT file for YBA_696
# Generated by yba_make_lut.py
# Index  Name  R  G  B  A
0  Unknown  0  0  0  0
1  L_TP1_A  0  115  230  0
2  L_TP1_B  0  114  230  0
3  L_TP1_C  0  115  229  0
4  L_TP1_D  0  115  231  0
5  L_TP1_E  0  116  230  0
6  L_TP1_F  1  115  230  0
7  L_TP2.1_A  47  151  255  0
8  L_TP2.1_B  46  151  255  0
9  L_TP2.1_C  47  150  255  0
10  L_TP2.1_D  47  151  254  0
11  L_TP2.2_A  93  174  255  0
12  L_TP2.2_B  92  174  255  0
13  L_TP2.2_C  93  173  255  0
14  L_TP2.2_D  93  174  254  0
15  L_TP3_A  133  194  255  0
16  L_TP3_B  132  194  255  0
17  L_TP3_C  133  193  255  0
18  L_TP3_D  133  194  254  0
19  L_T1_A  110  110  255  0
20  L_T1_B  109  110  255  0
21  L_T1_C  110  109  255  0
22  L_T1_D  110  110  254  0
23  L_T1_E  110  111  255  0
24  L_T1_F  111  110  255  0
25  L_T1_G  109  109  255  0
26  L_T2.1_A  135  135  255  0
27  L_T2.1_B  134  135  255  0
28  L_T2.1_C  135  134  255  0
29  L_T2.1_D  135  135  254  0
30  L_T2.1_E  135  136  255  0
31  L_T2.1_F  136  135  255  0
32  L_T2.1_G  134  134  255  0
33  L_T2.2_A  160  160  255  0
34  L_T2.2_B  159  160  255  0
35  L_T2.2_C  160  159  255  0
36  L_T2.2_D  160  160  254  0
37  L_T2.2_E  160  161  255  0
38  L_T2.2_F  161  160  255  0
39  L_T2.2_G  159  159  255  0
40  L_T3.1_A  183  183  255  0
41  L_T3.1_B  182  183  255  0
42  L_T3.1_C  183  182  255  0
43  L_T3.1_D  183  183  254  0
44  L_T3.1_E  183  184  255  0
45  L_T3.1_F  184  183  255  0
46  L_T3.2_A  210  210  255  0
47  L_T3.2_B  209  210  255  0
48  L_T3.2_C  210  209  255  0
49  L_T3.2_D  210  210  254  0
50  L_T3.2_E  210  211  255  0
51  L_O1_A  217  217  0  0
52  L_O1_B  216  217  0  0
53  L_O1_C  217  216  0  0
54  L_O1_D  217  217  1  0
55  L_O1_E  217  218  0  0
56  L_O2.1_A  235  235  0  0
57  L_O2.1_B  234  235  0  0
58  L_O2.1_C  235  234  0  0
59  L_O2.1_D  235  235  1  0
60  L_O2.1_E  235  236  0  0
61  L_O2.2_A  255  255  38  0
62  L_O2.2_B  254  255  38  0
63  L_O2.2_C  255  254  38  0
64  L_O2.2_D  255  255  37  0
65  L_O2.2_E  255  255  39  0
66  L_O2.2_F  254  254  38  0
67  L_O2.2_G  254  255  37  0
68  L_O2.2_H  254  255  39  0
69  L_O2.2_I  255  254  37  0
70  L_O2.2_J  255  254  39  0
71  L_O2.2_K  254  254  37  0
72  L_O3_A  255  255  97  0
73  L_O3_B  254  255  97  0
74  L_O3_C.1  255  254  97  0
75  L_O3_C.2  255  255  96  0
76  L_O3_D.1  255  255  98  0
77  L_O3_D.2  254  254  97  0
78  L_O3_E  254  255  96  0
79  L_O3_F  254  255  98  0
80  L_O3_G  255  254  96  0
81  L_O3_H  255  254  98  0
82  L_O3_I  254  254  96  0
83  L_O4_A  255  255  165  0
84  L_O4_B  254  254  98  0
85  L_AN1_A  115  255  127  0
86  L_AN1_B  114  255  127  0
87  L_AN1_C  115  254  127  0
88  L_AN2_A  133  255  145  0
89  L_AN2_B  132  255  145  0
90  L_AN2_C  133  254  145  0
91  L_AN2_D  133  255  144  0
92  L_SM1_A  129  221  0  0
93  L_SM1_B  128  221  0  0
94  L_SM1_C  129  220  0  0
95  L_SM1_D  129  221  1  0
96  L_SM1_E  129  222  0  0
97  L_SM2_A  153  255  0  0
98  L_SM2_B  149  255  0  0
99  L_SM3_A  170  255  43  0
100  L_SM3_B  169  255  43  0
101  L_SM3_C  170  254  43  0
102  L_SM4_A  179  255  56  0
103  L_SM4_B  178  255  56  0
104  L_SM4_C  179  254  56  0
105  L_SM5_A  186  255  65  0
106  L_SM5_B  185  255  65  0
107  L_SM5_C  186  254  65  0
108  L_SM5_D  186  255  64  0
109  L_SM5_E  186  255  66  0
110  L_P1_A  0  122  0  0
111  L_P1_B  0  121  0  0
112  L_P1_C  0  122  1  0
113  L_P1_D  0  123  0  0
114  L_P1_E  1  122  0  0
115  L_P1_F  0  121  1  0
116  L_P1_G  0  123  1  0
117  L_P2_A  0  150  0  0
118  L_P2_B  0  149  0  0
119  L_P2_C  0  150  1  0
120  L_P2_D  0  151  0  0
121  L_P3_A  0  176  0  0
122  L_P3_B  0  175  0  0
123  L_P3_C  0  176  1  0
124  L_P3_D  0  177  0  0
125  L_P3_E  1  176  0  0
126  L_P3_F  0  175  1  0
127  L_P4_A  0  203  0  0
128  L_P4_B  0  202  0  0
129  L_P4_C  0  203  1  0
130  L_P4_D  0  204  0  0
131  L_P4_E  1  203  0  0
132  L_P4_F  0  202  1  0
133  L_P4_G  0  204  1  0
134  L_S_A  0  255  0  0
135  L_S_B  0  254  0  0
136  L_S_C  0  255  1  0
137  L_S_D  1  255  0  0
138  L_S_E  0  254  1  0
139  L_S_F  1  254  0  0
140  L_S_G  1  255  1  0
141  L_S_H  1  254  1  0
142  L_S_I  0  253  0  0
143  L_S_J  0  255  2  0
144  L_S_K  2  255  0  0
145  L_S_L  0  253  1  0
146  L_S_M  0  254  2  0
147  L_M1_A  200  0  0  0
148  L_M1_B  199  0  0  0
149  L_M1_C  200  0  1  0
150  L_M1_D  200  1  0  0
151  L_M2_A  255  0  0  0
152  L_M2_B  254  0  0  0
153  L_M2_C  255  0  1  0
154  L_M2_D  255  1  0  0
155  L_M2_E  254  0  1  0
156  L_M2_F  254  1  0  0
157  L_M2_G  255  1  1  0
158  L_M2_H  254  1  1  0
159  L_M2_I  253  0  0  0
160  L_M2_J  255  0  2  0
161  L_M2_K  255  2  0  0
162  L_SF1_A  104  5  0  0
163  L_SF1_B  103  5  0  0
164  L_SF1_C  104  4  0  0
165  L_SF1_D  104  5  1  0
166  L_SF2_A  117  3  0  0
167  L_SF2_B  116  3  0  0
168  L_SF2_C  117  2  0  0
169  L_SF2_D  117  3  1  0
170  L_SF3_A  131  2  0  0
171  L_SF3_B  130  2  0  0
172  L_SF3_C  131  1  0  0
173  L_SF3_D  131  2  1  0
174  L_SF4_A  149  0  0  0
175  L_SF4_B  148  0  0  0
176  L_SF4_C  149  0  1  0
177  L_SF4_D  149  1  0  0
178  L_SF5_A  167  0  0  0
179  L_SF5_B  166  0  0  0
180  L_SF5_C  167  0  1  0
181  L_SF5_D  167  1  0  0
182  L_SF6_A  181  0  0  0
183  L_SF6_B  180  0  0  0
184  L_SF6_C  181  0  1  0
185  L_SF6_D  181  1  0  0
186  L_SF7_A  190  0  0  0
187  L_SF7_B  189  0  0  0
188  L_SF7_C  190  0  1  0
189  L_SF7_D  190  1  0  0
190  L_SF7_E  191  0  0  0
191  L_SF8_A  203  0  0  0
192  L_SF8_B  202  0  0  0
193  L_SF8_C  203  0  1  0
194  L_SF8_D  203  1  0  0
195  L_MF1_A  255  16  16  0
196  L_MF1_B  254  16  16  0
197  L_MF1_C  255  15  16  0
198  L_MF2_A  255  34  34  0
199  L_MF2_B  254  34  34  0
200  L_MF2_C  255  33  34  0
201  L_MF2_D  255  34  33  0
202  L_MF3_A  255  43  43  0
203  L_MF3_B  254  43  43  0
204  L_MF3_C  255  42  43  0
205  L_MF3_D  255  43  42  0
206  L_MF4_A  255  61  61  0
207  L_MF4_B  254  61  61  0
208  L_MF4_C  255  60  61  0
209  L_MF4_D  255  61  60  0
210  L_MF5_A  255  79  79  0
211  L_MF5_B  254  79  79  0
212  L_MF5_C  255  78  79  0
213  L_MF6_A  255  93  93  0
214  L_MF6_B  254  93  93  0
215  L_MF6_C  255  92  93  0
216  L_MF7_A  255  110  110  0
217  L_MF7_B  254  110  110  0
218  L_MF7_C  255  109  110  0
219  L_MF8_A  255  133  133  0
220  L_OP_A  255  133  164  0
221  L_OP_B  254  133  164  0
222  L_OP_C  255  132  164  0
223  L_TR1_A  255  84  132  0
224  L_TR1_B  254  84  132  0
225  L_TR2_A  255  97  142  0
226  L_TR2_B  254  97  142  0
227  L_TR3_A  255  102  151  0
228  L_TR3_B  254  102  151  0
229  L_OR_A  255  79  126  0
230  L_OR_B  254  79  126  0
231  L_OR_C  255  78  126  0
232  L_FP1_A  212  70  0  0
233  L_FP1_B  212  73  0  0
234  L_FP1_C  211  70  0  0
235  L_FP1_D  212  69  0  0
236  L_FP1_E  212  70  1  0
237  L_FP1_F  212  71  0  0
238  L_FP1_G  213  70  0  0
239  L_FP1_H  211  69  0  0
240  L_FP2_A  230  73  0  0
241  L_FP2_B  229  73  0  0
242  L_FP2_C  230  72  0  0
243  L_FP2_D  230  73  1  0
244  L_FP3_A  255  81  0  0
245  L_FP3_B  254  81  0  0
246  L_FP3_C  255  80  0  0
247  L_FP3_D  255  81  1  0
248  L_FP3_E  255  82  0  0
249  L_FP3_F  254  80  0  0
250  L_FP3_G  254  81  1  0
251  L_FP4_A  255  98  25  0
252  L_FP4_B  254  98  25  0
253  L_FP4_C  255  97  25  0
254  L_FP4_D  255  98  24  0
255  L_FP4_E  255  98  26  0
256  L_FP4_F  255  99  25  0
257  L_FO1_A  255  171  52  0
258  L_FO1_B  254  171  52  0
259  L_FO1_C  255  170  52  0
260  L_FO1_D  255  171  51  0
261  L_FO2_A  255  182  79  0
262  L_FO2_B  254  182  79  0
263  L_FO2_C  255  181  79  0
264  L_FO2_D  255  182  78  0
265  L_FO2_E  255  182  80  0
266  L_FO3_A  255  193  106  0
267  L_FO3_B  254  193  106  0
268  L_FO3_C  255  192  106  0
269  L_FO3_D  255  193  105  0
270  L_FO4_A  255  201  124  0
271  L_FO4_B  254  201  124  0
272  L_FO4_C  255  200  124  0
273  L_FO4_D  255  201  123  0
274  L_FO5_A  255  201  125  0
275  L_FO5_B  255  202  124  0
276  L_FO5_C  254  200  124  0
277  L_FO5_D  254  201  123  0
278  L_FO5_E  254  201  125  0
279  L_FO6_A  255  220  170  0
280  L_FO6_B  254  220  170  0
281  L_FO6_C  255  219  170  0
282  L_LOT_A  226  151  255  0
283  L_LOT_B  225  151  255  0
284  L_LOT_C  226  150  255  0
285  L_LOT_D  226  151  254  0
286  L_LOT_E  226  152  255  0
287  L_MOT_A  172  120  255  0
288  L_MOT_B  171  120  255  0
289  L_MOT_C  172  119  255  0
290  L_MOT_D  172  120  254  0
291  L_MOT_E  172  121  255  0
292  L_MOT_F  173  120  255  0
293  L_MOT_G  171  119  255  0
294  L_MOT_H  171  120  254  0
295  L_PH_A  255  133  223  0
296  L_PH_B  254  133  223  0
297  L_PH_C  255  132  223  0
298  L_PH_D  255  133  222  0
299  L_PH_E  255  133  224  0
300  L_PH_F  255  134  223  0
301  L_PH_G  254  132  223  0
302  L_L_A  255  213  0  0
303  L_L_B  254  213  0  0
304  L_L_C  255  212  0  0
305  L_CG_A  181  69  174  0
306  L_CG_B  180  69  174  0
307  L_CG_C  181  68  174  0
308  L_CG_D  181  69  173  0
309  L_CG_E  181  69  175  0
310  L_CG_F  181  70  174  0
311  L_CG_G  182  69  174  0
312  L_CG_H  180  68  174  0
313  L_CG_I  180  69  173  0
314  L_CG_J  180  69  175  0
315  L_CG_K  180  70  174  0
316  L_CG_L  181  68  173  0
317  L_CG_M  181  68  175  0
318  L_CG_N.1  181  70  173  0
319  L_CG_N.2  181  70  175  0
320  L_CG_O  182  68  174  0
321  L_CG_P  182  69  173  0
322  L_CG_Q  182  69  175  0
323  L_CG_R  182  70  174  0
324  L_H_A  113  74  255  0
325  L_H_B  112  74  255  0
326  L_H_C  113  73  255  0
327  L_A_A  126  0  230  0
328  L_A_B  125  0  230  0
329  L_I1_A  107  0  149  0
330  L_I1_B  106  0  149  0
331  L_I1_C  107  0  148  0
332  L_I2_A  126  0  176  0
333  L_I2_B  125  0  176  0
334  L_I2_C  126  0  175  0
335  L_I3_A  155  0  221  0
336  L_I3_B  154  0  221  0
337  L_I3_C  155  0  220  0
338  L_I4_A  190  38  255  0
339  L_I4_B  189  38  255  0
340  L_I4_C  190  37  255  0
341  L_I4_D  190  38  254  0
342  L_I5_A  211  106  255  0
343  L_I5_B  210  106  255  0
344  L_I5_C  211  105  255  0
345  L_I5_D  211  106  254  0
346  L_CC_A  0  208  208  0
347  L_CC_B  0  255  255  0
348  L_CC_C  123  255  255  0
349  R_TP1_A  0  114  229  0
350  R_TP1_B  0  114  231  0
351  R_TP1_C  0  116  229  0
352  R_TP1_D  0  116  231  0
353  R_TP1_E  1  114  230  0
354  R_TP1_F  1  115  229  0
355  R_TP2.1_A  47  152  255  0
356  R_TP2.1_B  48  151  255  0
357  R_TP2.1_C  46  150  255  0
358  R_TP2.1_D  46  151  254  0
359  R_TP2.2_A  93  175  255  0
360  R_TP2.2_B  94  174  255  0
361  R_TP2.2_C  92  173  255  0
362  R_TP2.2_D  92  174  254  0
363  R_TP3_A  133  195  255  0
364  R_TP3_B  134  194  255  0
365  R_TP3_C  132  193  255  0
366  R_TP3_D  132  194  254  0
367  R_T1_A  109  110  254  0
368  R_T1_B  109  111  255  0
369  R_T1_C  110  109  254  0
370  R_T1_D  110  111  254  0
371  R_T1_E  111  109  255  0
372  R_T1_F  111  110  254  0
373  R_T1_G  111  111  255  0
374  R_T2.1_A  134  135  254  0
375  R_T2.1_B  134  136  255  0
376  R_T2.1_C  135  134  254  0
377  R_T2.1_D  135  136  254  0
378  R_T2.1_E  136  134  255  0
379  R_T2.1_F  136  135  254  0
380  R_T2.1_G  136  136  255  0
381  R_T2.2_A  159  160  254  0
382  R_T2.2_B  159  161  255  0
383  R_T2.2_C  160  159  254  0
384  R_T2.2_D  160  161  254  0
385  R_T2.2_E  161  159  255  0
386  R_T2.2_F  161  160  254  0
387  R_T2.2_G  161  161  255  0
388  R_T3.1_A  182  182  255  0
389  R_T3.1_B  182  183  254  0
390  R_T3.1_C  182  184  255  0
391  R_T3.1_D  183  182  254  0
392  R_T3.1_E  183  184  254  0
393  R_T3.1_F  184  182  255  0
394  R_T3.2_A  211  210  255  0
395  R_T3.2_B  209  209  255  0
396  R_T3.2_C  209  210  254  0
397  R_T3.2_D  209  211  255  0
398  R_T3.2_E  210  209  254  0
399  R_O1_A  218  217  0  0
400  R_O1_B  216  216  0  0
401  R_O1_C  216  217  1  0
402  R_O1_D  216  218  0  0
403  R_O1_E  217  216  1  0
404  R_O2.1_A  236  235  0  0
405  R_O2.1_B  234  234  0  0
406  R_O2.1_C  234  235  1  0
407  R_O2.1_D  234  236  0  0
408  R_O2.1_E  235  234  1  0
409  R_O2.2_A  254  254  39  0
410  R_O2.2_B  253  255  38  0
411  R_O2.2_C  255  253  38  0
412  R_O2.2_D  255  255  36  0
413  R_O2.2_E  255  255  40  0
414  R_O2.2_F  253  254  38  0
415  R_O2.2_G  253  255  37  0
416  R_O2.2_H  253  255  39  0
417  R_O2.2_I  254  253  38  0
418  R_O2.2_J  254  255  36  0
419  R_O2.2_K  254  255  40  0
420  R_O3_A  253  255  97  0
421  R_O3_B  255  253  97  0
422  R_O3_C.1  255  255  95  0
423  R_O3_C.2  255  255  99  0
424  R_O3_D.1  253  254  97  0
425  R_O3_D.2  253  255  96  0
426  R_O3_E  253  255  98  0
427  R_O3_F  254  253  97  0
428  R_O3_G  254  255  95  0
429  R_O3_H  254  255  99  0
430  R_O3_I  255  253  96  0
431  R_O4_A  254  255  165  0
432  R_O4_B  255  253  98  0
433  R_AN1_A  115  255  126  0
434  R_AN1_B  115  255  128  0
435  R_AN1_C  116  255  127  0
436  R_AN2_A  133  255  146  0
437  R_AN2_B  134  255  145  0
438  R_AN2_C  132  254  145  0
439  R_AN2_D  132  255  144  0
440  R_SM1_A  130  221  0  0
441  R_SM1_B  128  220  0  0
442  R_SM1_C  128  221  1  0
443  R_SM1_D  128  222  0  0
444  R_SM1_E  129  220  1  0
445  R_SM2_A  152  255  0  0
446  R_SM2_B  148  255  0  0
447  R_SM3_A  170  255  42  0
448  R_SM3_B  170  255  44  0
449  R_SM3_C  171  255  43  0
450  R_SM4_A  179  255  55  0
451  R_SM4_B  179  255  57  0
452  R_SM4_C  180  255  56  0
453  R_SM5_A  187  255  65  0
454  R_SM5_B  185  254  65  0
455  R_SM5_C  185  255  64  0
456  R_SM5_D  185  255  66  0
457  R_SM5_E  186  254  64  0
458  R_P1_A  1  121  0  0
459  R_P1_B  1  122  1  0
460  R_P1_C  1  123  0  0
461  R_P1_D  1  121  1  0
462  R_P1_E  1  123  1  0
463  R_P1_F  0  120  0  0
464  R_P1_G  0  122  2  0
465  R_P2_A  1  150  0  0
466  R_P2_B  0  149  1  0
467  R_P2_C  0  151  1  0
468  R_P2_D  1  149  0  0
469  R_P3_A  0  177  1  0
470  R_P3_B  1  175  0  0
471  R_P3_C  1  176  1  0
472  R_P3_D  1  177  0  0
473  R_P3_E  1  175  1  0
474  R_P3_F  1  177  1  0
475  R_P4_A  1  202  0  0
476  R_P4_B  1  203  1  0
477  R_P4_C  1  204  0  0
478  R_P4_D  1  202  1  0
479  R_P4_E  1  204  1  0
480  R_P4_F  0  201  0  0
481  R_P4_G  0  203  2  0
482  R_S_A  1  253  0  0
483  R_S_B  1  255  2  0
484  R_S_C  2  254  0  0
485  R_S_D  2  255  1  0
486  R_S_E  1  253  1  0
487  R_S_F  1  254  2  0
488  R_S_G  2  254  1  0
489  R_S_H  0  253  2  0
490  R_S_I  2  253  0  0
491  R_S_J  2  255  2  0
492  R_S_K  1  253  2  0
493  R_S_L  2  253  1  0
494  R_S_M  2  254  2  0
495  R_M1_A  201  0  0  0
496  R_M1_B  199  0  1  0
497  R_M1_C  199  1  0  0
498  R_M1_D  200  1  1  0
499  R_M2_A  253  0  1  0
500  R_M2_B  253  1  0  0
501  R_M2_C  254  0  2  0
502  R_M2_D  254  2  0  0
503  R_M2_E  255  1  2  0
504  R_M2_F  255  2  1  0
505  R_M2_G  253  1  1  0
506  R_M2_H  254  1  2  0
507  R_M2_I  254  2  1  0
508  R_M2_J  253  0  2  0
509  R_M2_K  253  2  0  0
510  R_SF1_A  104  6  0  0
511  R_SF1_B  105  5  0  0
512  R_SF1_C  103  4  0  0
513  R_SF1_D  103  5  1  0
514  R_SF2_A  117  4  0  0
515  R_SF2_B  118  3  0  0
516  R_SF2_C  116  2  0  0
517  R_SF2_D  116  3  1  0
518  R_SF3_A  131  3  0  0
519  R_SF3_B  132  2  0  0
520  R_SF3_C  130  1  0  0
521  R_SF3_D  130  2  1  0
522  R_SF4_A  150  0  0  0
523  R_SF4_B  148  0  1  0
524  R_SF4_C  148  1  0  0
525  R_SF4_D  149  1  1  0
526  R_SF5_A  168  0  0  0
527  R_SF5_B  166  0  1  0
528  R_SF5_C  166  1  0  0
529  R_SF5_D  167  1  1  0
530  R_SF6_A  182  0  0  0
531  R_SF6_B  180  0  1  0
532  R_SF6_C  180  1  0  0
533  R_SF6_D  181  1  1  0
534  R_SF7_A  189  0  1  0
535  R_SF7_B  189  1  0  0
536  R_SF7_C  190  1  1  0
537  R_SF7_D  191  0  1  0
538  R_SF7_E  191  1  0  0
539  R_SF8_A  204  0  0  0
540  R_SF8_B  202  0  1  0
541  R_SF8_C  202  1  0  0
542  R_SF8_D  203  1  1  0
543  R_MF1_A  255  16  15  0
544  R_MF1_B  255  16  17  0
545  R_MF1_C  255  17  16  0
546  R_MF2_A  255  34  35  0
547  R_MF2_B  255  35  34  0
548  R_MF2_C  254  33  34  0
549  R_MF2_D  254  34  33  0
550  R_MF3_A  255  43  44  0
551  R_MF3_B  255  44  43  0
552  R_MF3_C  254  42  43  0
553  R_MF3_D  254  43  42  0
554  R_MF4_A  255  61  62  0
555  R_MF4_B  255  62  61  0
556  R_MF4_C  254  60  61  0
557  R_MF4_D  254  61  60  0
558  R_MF5_A  255  79  78  0
559  R_MF5_B  255  79  80  0
560  R_MF5_C  255  80  79  0
561  R_MF6_A  255  93  92  0
562  R_MF6_B  255  93  94  0
563  R_MF6_C  255  94  93  0
564  R_MF7_A  255  110  109  0
565  R_MF7_B  255  110  111  0
566  R_MF7_C  255  111  110  0
567  R_MF8_A  254  133  133  0
568  R_OP_A  255  133  163  0
569  R_OP_B  255  133  165  0
570  R_OP_C  255  134  164  0
571  R_TR1_A  255  83  132  0
572  R_TR1_B  255  84  131  0
573  R_TR2_A  255  96  142  0
574  R_TR2_B  255  97  141  0
575  R_TR3_A  255  101  151  0
576  R_TR3_B  255  102  150  0
577  R_OR_A  255  79  125  0
578  R_OR_B  255  79  127  0
579  R_OR_C  255  80  126  0
580  R_FP1_A  211  70  1  0
581  R_FP1_B  211  73  0  0
582  R_FP1_C  211  71  0  0
583  R_FP1_D  212  69  1  0
584  R_FP1_E  212  71  1  0
585  R_FP1_F  213  69  0  0
586  R_FP1_G  213  70  1  0
587  R_FP1_H  213  71  0  0
588  R_FP2_A  230  74  0  0
589  R_FP2_B  231  73  0  0
590  R_FP2_C  229  72  0  0
591  R_FP2_D  229  73  1  0
592  R_FP3_A  254  82  0  0
593  R_FP3_B  255  80  1  0
594  R_FP3_C  255  82  1  0
595  R_FP3_D  254  80  1  0
596  R_FP3_E  254  82  1  0
597  R_FP3_F  253  81  0  0
598  R_FP3_G  255  79  0  0
599  R_FP4_A  254  97  25  0
600  R_FP4_B  254  98  24  0
601  R_FP4_C  254  98  26  0
602  R_FP4_D  254  99  25  0
603  R_FP4_E  255  97  24  0
604  R_FP4_F  255  97  26  0
605  R_FO1_A  255  171  53  0
606  R_FO1_B  255  172  52  0
607  R_FO1_C  254  170  52  0
608  R_FO1_D  254  171  51  0
609  R_FO2_A  255  183  79  0
610  R_FO2_B  254  181  79  0
611  R_FO2_C  254  182  78  0
612  R_FO2_D  254  182  80  0
613  R_FO2_E  254  183  79  0
614  R_FO3_A  255  193  107  0
615  R_FO3_B  255  194  106  0
616  R_FO3_C  254  192  106  0
617  R_FO3_D  254  193  105  0
618  R_FO4_A  254  202  124  0
619  R_FO4_B  255  200  123  0
620  R_FO4_C  255  200  125  0
621  R_FO4_D  255  202  123  0
622  R_FO5_A  255  202  125  0
623  R_FO5_B  254  200  123  0
624  R_FO5_C  254  200  125  0
625  R_FO5_D  254  202  123  0
626  R_FO5_E  254  202  125  0
627  R_FO6_A  255  220  169  0
628  R_FO6_B  255  220  171  0
629  R_FO6_C  255  221  170  0
630  R_LOT_A  227  151  255  0
631  R_LOT_B  225  150  255  0
632  R_LOT_C  225  151  254  0
633  R_LOT_D  225  152  255  0
634  R_LOT_E  226  150  254  0
635  R_MOT_A  171  121  255  0
636  R_MOT_B  172  119  254  0
637  R_MOT_C  172  121  254  0
638  R_MOT_D  173  119  255  0
639  R_MOT_E  173  120  254  0
640  R_MOT_F  173  121  255  0
641  R_MOT_G  171  119  254  0
642  R_MOT_H  171  121  254  0
643  R_PH_A  254  133  222  0
644  R_PH_B  254  133  224  0
645  R_PH_C  254  134  223  0
646  R_PH_D  255  132  222  0
647  R_PH_E  255  132  224  0
648  R_PH_F  255  134  222  0
649  R_PH_G  255  134  224  0
650  R_L_A  255  213  1  0
651  R_L_B  255  214  0  0
652  R_L_C  254  212  0  0
653  R_CG_A  180  68  173  0
654  R_CG_B  180  68  175  0
655  R_CG_C  180  70  173  0
656  R_CG_D  180  70  175  0
657  R_CG_E  182  68  173  0
658  R_CG_F  182  68  175  0
659  R_CG_G  182  70  173  0
660  R_CG_H  182  70  175  0
661  R_CG_I  179  69  174  0
662  R_CG_J  181  67  174  0
663  R_CG_K  181  69  172  0
664  R_CG_L  181  69  176  0
665  R_CG_M  181  71  174  0
666  R_CG_N.1  183  69  174  0
667  R_CG_N.2  179  68  174  0
668  R_CG_O  179  69  173  0
669  R_CG_P  179  69  175  0
670  R_CG_Q  179  70  174  0
671  R_CG_R  180  67  174  0
672  R_H_A  113  74  254  0
673  R_H_B  113  75  255  0
674  R_H_C  114  74  255  0
675  R_A_A  126  0  229  0
676  R_A_B  126  0  231  0
677  R_I1_A  107  0  150  0
678  R_I1_B  107  1  149  0
679  R_I1_C  108  0  149  0
680  R_I2_A  126  0  177  0
681  R_I2_B  126  1  176  0
682  R_I2_C  127  0  176  0
683  R_I3_A  155  0  222  0
684  R_I3_B  155  1  221  0
685  R_I3_C  156  0  221  0
686  R_I4_A  190  39  255  0
687  R_I4_B  191  38  255  0
688  R_I4_C  189  37  255  0
689  R_I4_D  189  38  254  0
690  R_I5_A  211  107  255  0
691  R_I5_B  212  106  255  0
692  R_I5_C  210  105  255  0
693  R_I5_D  210  106  254  0
694  R_CC_A  0  207  208  0
695  R_CC_B  0  254  255  0
696  R_CC_C  122  255  255  0
