################################################
# ITK-SnAP Label Description File
# File format: 
# IDX   -R-  -G-  -B-  -A--  VIS MSH  LABEL
# Fields: 
#    IDX:   Zero-based index 
#    -R-:   Red color component (0..255)
#    -G-:   Green color component (0..255)
#    -B-:   Blue color component (0..255)
#    -A-:   Label transparency (0.00 .. 1.00)
#    VIS:   Label visibility (0 or 1)
#    IDX:   Label mesh visibility (0 or 1)
#  LABEL:   Label description 
################################################
    0     0    0    0        0  0  0    "Clear Label"
    1     0  115  230        1  1  1    "L_TP1_A"
    2     0  115  230        1  1  1    "L_TP1_B"
    3     0  115  230        1  1  1    "L_TP1_C"
    4     0  115  230        1  1  1    "L_TP1_D"
    5     0  115  230        1  1  1    "L_TP1_E"
    6     0  115  230        1  1  1    "L_TP1_F"
    7    47  151  255        1  1  1    "L_TP2.1_A"
    8    47  151  255        1  1  1    "L_TP2.1_B"
    9    47  151  255        1  1  1    "L_TP2.1_C"
   10    47  151  255        1  1  1    "L_TP2.1_D"
   11    93  174  255        1  1  1    "L_TP2.2_A"
   12    93  174  255        1  1  1    "L_TP2.2_B"
   13    93  174  255        1  1  1    "L_TP2.2_C"
   14    93  174  255        1  1  1    "L_TP2.2_D"
   15   133  194  255        1  1  1    "L_TP3_A"
   16   133  194  255        1  1  1    "L_TP3_B"
   17   133  194  255        1  1  1    "L_TP3_C"
   18   133  194  255        1  1  1    "L_TP3_D"
   19   110  110  255        1  1  1    "L_T1_A"
   20   110  110  255        1  1  1    "L_T1_B"
   21   110  110  255        1  1  1    "L_T1_C"
   22   110  110  255        1  1  1    "L_T1_D"
   23   110  110  255        1  1  1    "L_T1_E"
   24   110  110  255        1  1  1    "L_T1_F"
   25   110  110  255        1  1  1    "L_T1_G"
   26   135  135  255        1  1  1    "L_T2.1_A"
   27   135  135  255        1  1  1    "L_T2.1_B"
   28   135  135  255        1  1  1    "L_T2.1_C"
   29   135  135  255        1  1  1    "L_T2.1_D"
   30   135  135  255        1  1  1    "L_T2.1_E"
   31   135  135  255        1  1  1    "L_T2.1_F"
   32   135  135  255        1  1  1    "L_T2.1_G"
   33   160  160  255        1  1  1    "L_T2.2_A"
   34   160  160  255        1  1  1    "L_T2.2_B"
   35   160  160  255        1  1  1    "L_T2.2_C"
   36   160  160  255        1  1  1    "L_T2.2_D"
   37   160  160  255        1  1  1    "L_T2.2_E"
   38   160  160  255        1  1  1    "L_T2.2_F"
   39   160  160  255        1  1  1    "L_T2.2_G"
   40   183  183  255        1  1  1    "L_T3.1_A"
   41   183  183  255        1  1  1    "L_T3.1_B"
   42   183  183  255        1  1  1    "L_T3.1_C"
   43   183  183  255        1  1  1    "L_T3.1_D"
   44   183  183  255        1  1  1    "L_T3.1_E"
   45   183  183  255        1  1  1    "L_T3.1_F"
   46   210  210  255        1  1  1    "L_T3.2_A"
   47   210  210  255        1  1  1    "L_T3.2_B"
   48   210  210  255        1  1  1    "L_T3.2_C"
   49   210  210  255        1  1  1    "L_T3.2_D"
   50   210  210  255        1  1  1    "L_T3.2_E"
   51   217  217    0        1  1  1    "L_O1_A"
   52   217  217    0        1  1  1    "L_O1_B"
   53   217  217    0        1  1  1    "L_O1_C"
   54   217  217    0        1  1  1    "L_O1_D"
   55   217  217    0        1  1  1    "L_O1_E"
   56   235  235    0        1  1  1    "L_O2.1_A"
   57   235  235    0        1  1  1    "L_O2.1_B"
   58   235  235    0        1  1  1    "L_O2.1_C"
   59   235  235    0        1  1  1    "L_O2.1_D"
   60   235  235    0        1  1  1    "L_O2.1_E"
   61   255  255   38        1  1  1    "L_O2.2_A"
   62   255  255   38        1  1  1    "L_O2.2_B"
   63   255  255   38        1  1  1    "L_O2.2_C"
   64   255  255   38        1  1  1    "L_O2.2_D"
   65   255  255   38        1  1  1    "L_O2.2_E"
   66   255  255   38        1  1  1    "L_O2.2_F"
   67   255  255   38        1  1  1    "L_O2.2_G"
   68   255  255   38        1  1  1    "L_O2.2_H"
   69   255  255   38        1  1  1    "L_O2.2_I"
   70   255  255   38        1  1  1    "L_O2.2_J"
   71   255  255   38        1  1  1    "L_O2.2_K"
   72   255  255   97        1  1  1    "L_O3_A"
   73   255  255   97        1  1  1    "L_O3_B"
   74   255  255   97        1  1  1    "L_O3_C.1"
   75   255  255   97        1  1  1    "L_O3_C.2"
   76   255  255   97        1  1  1    "L_O3_D.1"
   77   255  255   97        1  1  1    "L_O3_D.2"
   78   255  255   97        1  1  1    "L_O3_E"
   79   255  255   97        1  1  1    "L_O3_F"
   80   255  255   97        1  1  1    "L_O3_G"
   81   255  255   97        1  1  1    "L_O3_H"
   82   255  255   97        1  1  1    "L_O3_I"
   83   255  255  165        1  1  1    "L_O4_A"
   84   255  255   97        1  1  1    "L_O4_B"
   85   115  255  127        1  1  1    "L_AN1_A"
   86   115  255  127        1  1  1    "L_AN1_B"
   87   115  255  127        1  1  1    "L_AN1_C"
   88   133  255  145        1  1  1    "L_AN2_A"
   89   133  255  145        1  1  1    "L_AN2_B"
   90   133  255  145        1  1  1    "L_AN2_C"
   91   133  255  145        1  1  1    "L_AN2_D"
   92   129  221    0        1  1  1    "L_SM1_A"
   93   129  221    0        1  1  1    "L_SM1_B"
   94   129  221    0        1  1  1    "L_SM1_C"
   95   129  221    0        1  1  1    "L_SM1_D"
   96   129  221    0        1  1  1    "L_SM1_E"
   97   153  255    0        1  1  1    "L_SM2_A"
   98   149  255    0        1  1  1    "L_SM2_B"
   99   170  255   43        1  1  1    "L_SM3_A"
  100   170  255   43        1  1  1    "L_SM3_B"
  101   170  255   43        1  1  1    "L_SM3_C"
  102   179  255   56        1  1  1    "L_SM4_A"
  103   179  255   56        1  1  1    "L_SM4_B"
  104   179  255   56        1  1  1    "L_SM4_C"
  105   186  255   65        1  1  1    "L_SM5_A"
  106   186  255   65        1  1  1    "L_SM5_B"
  107   186  255   65        1  1  1    "L_SM5_C"
  108   186  255   65        1  1  1    "L_SM5_D"
  109   186  255   65        1  1  1    "L_SM5_E"
  110     0  122    0        1  1  1    "L_P1_A"
  111     0  122    0        1  1  1    "L_P1_B"
  112     0  122    0        1  1  1    "L_P1_C"
  113     0  122    0        1  1  1    "L_P1_D"
  114     0  122    0        1  1  1    "L_P1_E"
  115     0  122    0        1  1  1    "L_P1_F"
  116     0  122    0        1  1  1    "L_P1_G"
  117     0  150    0        1  1  1    "L_P2_A"
  118     0  150    0        1  1  1    "L_P2_B"
  119     0  150    0        1  1  1    "L_P2_C"
  120     0  150    0        1  1  1    "L_P2_D"
  121     0  176    0        1  1  1    "L_P3_A"
  122     0  176    0        1  1  1    "L_P3_B"
  123     0  176    0        1  1  1    "L_P3_C"
  124     0  176    0        1  1  1    "L_P3_D"
  125     0  176    0        1  1  1    "L_P3_E"
  126     0  176    0        1  1  1    "L_P3_F"
  127     0  203    0        1  1  1    "L_P4_A"
  128     0  203    0        1  1  1    "L_P4_B"
  129     0  203    0        1  1  1    "L_P4_C"
  130     0  203    0        1  1  1    "L_P4_D"
  131     0  203    0        1  1  1    "L_P4_E"
  132     0  203    0        1  1  1    "L_P4_F"
  133     0  203    0        1  1  1    "L_P4_G"
  134     0  255    0        1  1  1    "L_S_A"
  135     0  255    0        1  1  1    "L_S_B"
  136     0  255    0        1  1  1    "L_S_C"
  137     0  255    0        1  1  1    "L_S_D"
  138     0  255    0        1  1  1    "L_S_E"
  139     0  255    0        1  1  1    "L_S_F"
  140     0  255    0        1  1  1    "L_S_G"
  141     0  255    0        1  1  1    "L_S_H"
  142     0  255    0        1  1  1    "L_S_I"
  143     0  255    0        1  1  1    "L_S_J"
  144     0  255    0        1  1  1    "L_S_K"
  145     0  255    0        1  1  1    "L_S_L"
  146     0  255    0        1  1  1    "L_S_M"
  147   200    0    0        1  1  1    "L_M1_A"
  148   200    0    0        1  1  1    "L_M1_B"
  149   200    0    0        1  1  1    "L_M1_C"
  150   200    0    0        1  1  1    "L_M1_D"
  151   255    0    0        1  1  1    "L_M2_A"
  152   255    0    0        1  1  1    "L_M2_B"
  153   255    0    0        1  1  1    "L_M2_C"
  154   255    0    0        1  1  1    "L_M2_D"
  155   255    0    0        1  1  1    "L_M2_E"
  156   255    0    0        1  1  1    "L_M2_F"
  157   255    0    0        1  1  1    "L_M2_G"
  158   255    0    0        1  1  1    "L_M2_H"
  159   255    0    0        1  1  1    "L_M2_I"
  160   255    0    0        1  1  1    "L_M2_J"
  161   255    0    0        1  1  1    "L_M2_K"
  162   104    5    0        1  1  1    "L_SF1_A"
  163   104    5    0        1  1  1    "L_SF1_B"
  164   104    5    0        1  1  1    "L_SF1_C"
  165   104    5    0        1  1  1    "L_SF1_D"
  166   117    3    0        1  1  1    "L_SF2_A"
  167   117    3    0        1  1  1    "L_SF2_B"
  168   117    3    0        1  1  1    "L_SF2_C"
  169   117    3    0        1  1  1    "L_SF2_D"
  170   131    2    0        1  1  1    "L_SF3_A"
  171   131    2    0        1  1  1    "L_SF3_B"
  172   131    2    0        1  1  1    "L_SF3_C"
  173   131    2    0        1  1  1    "L_SF3_D"
  174   149    0    0        1  1  1    "L_SF4_A"
  175   149    0    0        1  1  1    "L_SF4_B"
  176   149    0    0        1  1  1    "L_SF4_C"
  177   149    0    0        1  1  1    "L_SF4_D"
  178   167    0    0        1  1  1    "L_SF5_A"
  179   167    0    0        1  1  1    "L_SF5_B"
  180   167    0    0        1  1  1    "L_SF5_C"
  181   167    0    0        1  1  1    "L_SF5_D"
  182   181    0    0        1  1  1    "L_SF6_A"
  183   181    0    0        1  1  1    "L_SF6_B"
  184   181    0    0        1  1  1    "L_SF6_C"
  185   181    0    0        1  1  1    "L_SF6_D"
  186   190    0    0        1  1  1    "L_SF7_A"
  187   190    0    0        1  1  1    "L_SF7_B"
  188   190    0    0        1  1  1    "L_SF7_C"
  189   190    0    0        1  1  1    "L_SF7_D"
  190   190    0    0        1  1  1    "L_SF7_E"
  191   203    0    0        1  1  1    "L_SF8_A"
  192   203    0    0        1  1  1    "L_SF8_B"
  193   203    0    0        1  1  1    "L_SF8_C"
  194   203    0    0        1  1  1    "L_SF8_D"
  195   255   16   16        1  1  1    "L_MF1_A"
  196   255   16   16        1  1  1    "L_MF1_B"
  197   255   16   16        1  1  1    "L_MF1_C"
  198   255   34   34        1  1  1    "L_MF2_A"
  199   255   34   34        1  1  1    "L_MF2_B"
  200   255   34   34        1  1  1    "L_MF2_C"
  201   255   34   34        1  1  1    "L_MF2_D"
  202   255   43   43        1  1  1    "L_MF3_A"
  203   255   43   43        1  1  1    "L_MF3_B"
  204   255   43   43        1  1  1    "L_MF3_C"
  205   255   43   43        1  1  1    "L_MF3_D"
  206   255   61   61        1  1  1    "L_MF4_A"
  207   255   61   61        1  1  1    "L_MF4_B"
  208   255   61   61        1  1  1    "L_MF4_C"
  209   255   61   61        1  1  1    "L_MF4_D"
  210   255   79   79        1  1  1    "L_MF5_A"
  211   255   79   79        1  1  1    "L_MF5_B"
  212   255   79   79        1  1  1    "L_MF5_C"
  213   255   93   93        1  1  1    "L_MF6_A"
  214   255   93   93        1  1  1    "L_MF6_B"
  215   255   93   93        1  1  1    "L_MF6_C"
  216   255  110  110        1  1  1    "L_MF7_A"
  217   255  110  110        1  1  1    "L_MF7_B"
  218   255  110  110        1  1  1    "L_MF7_C"
  219   255  133  133        1  1  1    "L_MF8_A"
  220   255  133  164        1  1  1    "L_OP_A"
  221   255  133  164        1  1  1    "L_OP_B"
  222   255  133  164        1  1  1    "L_OP_C"
  223   255   84  132        1  1  1    "L_TR1_A"
  224   255   84  132        1  1  1    "L_TR1_B"
  225   255   97  142        1  1  1    "L_TR2_A"
  226   255   97  142        1  1  1    "L_TR2_B"
  227   255  102  151        1  1  1    "L_TR3_A"
  228   255  102  151        1  1  1    "L_TR3_B"
  229   255   79  126        1  1  1    "L_OR_A"
  230   255   79  126        1  1  1    "L_OR_B"
  231   255   79  126        1  1  1    "L_OR_C"
  232   212   70    0        1  1  1    "L_FP1_A"
  233   212   73    0        1  1  1    "L_FP1_B"
  234   212   70    0        1  1  1    "L_FP1_C"
  235   212   70    0        1  1  1    "L_FP1_D"
  236   212   70    0        1  1  1    "L_FP1_E"
  237   212   70    0        1  1  1    "L_FP1_F"
  238   212   70    0        1  1  1    "L_FP1_G"
  239   212   70    0        1  1  1    "L_FP1_H"
  240   230   73    0        1  1  1    "L_FP2_A"
  241   230   73    0        1  1  1    "L_FP2_B"
  242   230   73    0        1  1  1    "L_FP2_C"
  243   230   73    0        1  1  1    "L_FP2_D"
  244   255   81    0        1  1  1    "L_FP3_A"
  245   255   81    0        1  1  1    "L_FP3_B"
  246   255   81    0        1  1  1    "L_FP3_C"
  247   255   81    0        1  1  1    "L_FP3_D"
  248   255   81    0        1  1  1    "L_FP3_E"
  249   255   81    0        1  1  1    "L_FP3_F"
  250   255   81    0        1  1  1    "L_FP3_G"
  251   255   98   25        1  1  1    "L_FP4_A"
  252   255   98   25        1  1  1    "L_FP4_B"
  253   255   98   25        1  1  1    "L_FP4_C"
  254   255   98   25        1  1  1    "L_FP4_D"
  255   255   98   25        1  1  1    "L_FP4_E"
  256   255   98   25        1  1  1    "L_FP4_F"
  257   255  171   52        1  1  1    "L_FO1_A"
  258   255  171   52        1  1  1    "L_FO1_B"
  259   255  171   52        1  1  1    "L_FO1_C"
  260   255  171   52        1  1  1    "L_FO1_D"
  261   255  182   79        1  1  1    "L_FO2_A"
  262   255  182   79        1  1  1    "L_FO2_B"
  263   255  182   79        1  1  1    "L_FO2_C"
  264   255  182   79        1  1  1    "L_FO2_D"
  265   255  182   79        1  1  1    "L_FO2_E"
  266   255  193  106        1  1  1    "L_FO3_A"
  267   255  193  106        1  1  1    "L_FO3_B"
  268   255  193  106        1  1  1    "L_FO3_C"
  269   255  193  106        1  1  1    "L_FO3_D"
  270   255  201  124        1  1  1    "L_FO4_A"
  271   255  201  124        1  1  1    "L_FO4_B"
  272   255  201  124        1  1  1    "L_FO4_C"
  273   255  201  124        1  1  1    "L_FO4_D"
  274   255  201  124        1  1  1    "L_FO5_A"
  275   255  201  124        1  1  1    "L_FO5_B"
  276   255  201  124        1  1  1    "L_FO5_C"
  277   255  201  124        1  1  1    "L_FO5_D"
  278   255  201  124        1  1  1    "L_FO5_E"
  279   255  220  170        1  1  1    "L_FO6_A"
  280   255  220  170        1  1  1    "L_FO6_B"
  281   255  220  170        1  1  1    "L_FO6_C"
  282   226  151  255        1  1  1    "L_LOT_A"
  283   226  151  255        1  1  1    "L_LOT_B"
  284   226  151  255        1  1  1    "L_LOT_C"
  285   226  151  255        1  1  1    "L_LOT_D"
  286   226  151  255        1  1  1    "L_LOT_E"
  287   172  120  255        1  1  1    "L_MOT_A"
  288   172  120  255        1  1  1    "L_MOT_B"
  289   172  120  255        1  1  1    "L_MOT_C"
  290   172  120  255        1  1  1    "L_MOT_D"
  291   172  120  255        1  1  1    "L_MOT_E"
  292   172  120  255        1  1  1    "L_MOT_F"
  293   172  120  255        1  1  1    "L_MOT_G"
  294   172  120  255        1  1  1    "L_MOT_H"
  295   255  133  223        1  1  1    "L_PH_A"
  296   255  133  223        1  1  1    "L_PH_B"
  297   255  133  223        1  1  1    "L_PH_C"
  298   255  133  223        1  1  1    "L_PH_D"
  299   255  133  223        1  1  1    "L_PH_E"
  300   255  133  223        1  1  1    "L_PH_F"
  301   255  133  223        1  1  1    "L_PH_G"
  302   255  213    0        1  1  1    "L_L_A"
  303   255  213    0        1  1  1    "L_L_B"
  304   255  213    0        1  1  1    "L_L_C"
  305   181   69  174        1  1  1    "L_CG_A"
  306   181   69  174        1  1  1    "L_CG_B"
  307   181   69  174        1  1  1    "L_CG_C"
  308   181   69  174        1  1  1    "L_CG_D"
  309   181   69  174        1  1  1    "L_CG_E"
  310   181   69  174        1  1  1    "L_CG_F"
  311   181   69  174        1  1  1    "L_CG_G"
  312   181   69  174        1  1  1    "L_CG_H"
  313   181   69  174        1  1  1    "L_CG_I"
  314   181   69  174        1  1  1    "L_CG_J"
  315   181   69  174        1  1  1    "L_CG_K"
  316   181   69  174        1  1  1    "L_CG_L"
  317   181   69  174        1  1  1    "L_CG_M"
  318   181   69  174        1  1  1    "L_CG_N.1"
  319   181   69  174        1  1  1    "L_CG_N.2"
  320   181   69  174        1  1  1    "L_CG_O"
  321   181   69  174        1  1  1    "L_CG_P"
  322   181   69  174        1  1  1    "L_CG_Q"
  323   181   69  174        1  1  1    "L_CG_R"
  324   113   74  255        1  1  1    "L_H_A"
  325   113   74  255        1  1  1    "L_H_B"
  326   113   74  255        1  1  1    "L_H_C"
  327   126    0  230        1  1  1    "L_A_A"
  328   126    0  230        1  1  1    "L_A_B"
  329   107    0  149        1  1  1    "L_I1_A"
  330   107    0  149        1  1  1    "L_I1_B"
  331   107    0  149        1  1  1    "L_I1_C"
  332   126    0  176        1  1  1    "L_I2_A"
  333   126    0  176        1  1  1    "L_I2_B"
  334   126    0  176        1  1  1    "L_I2_C"
  335   155    0  221        1  1  1    "L_I3_A"
  336   155    0  221        1  1  1    "L_I3_B"
  337   155    0  221        1  1  1    "L_I3_C"
  338   190   38  255        1  1  1    "L_I4_A"
  339   190   38  255        1  1  1    "L_I4_B"
  340   190   38  255        1  1  1    "L_I4_C"
  341   190   38  255        1  1  1    "L_I4_D"
  342   211  106  255        1  1  1    "L_I5_A"
  343   211  106  255        1  1  1    "L_I5_B"
  344   211  106  255        1  1  1    "L_I5_C"
  345   211  106  255        1  1  1    "L_I5_D"
  346     0  208  208        1  1  1    "L_CC_A"
  347     0  255  255        1  1  1    "L_CC_B"
  348   124  255  255        1  1  1    "L_CC_C"
  349     0  115  230        1  1  1    "R_TP1_A"
  350     0  115  230        1  1  1    "R_TP1_B"
  351     0  115  230        1  1  1    "R_TP1_C"
  352     0  115  230        1  1  1    "R_TP1_D"
  353     0  115  230        1  1  1    "R_TP1_E"
  354     0  115  230        1  1  1    "R_TP1_F"
  355    47  151  255        1  1  1    "R_TP2.1_A"
  356    47  151  255        1  1  1    "R_TP2.1_B"
  357    47  151  255        1  1  1    "R_TP2.1_C"
  358    47  151  255        1  1  1    "R_TP2.1_D"
  359    93  174  255        1  1  1    "R_TP2.2_A"
  360    93  174  255        1  1  1    "R_TP2.2_B"
  361    93  174  255        1  1  1    "R_TP2.2_C"
  362    93  174  255        1  1  1    "R_TP2.2_D"
  363   133  194  255        1  1  1    "R_TP3_A"
  364   133  194  255        1  1  1    "R_TP3_B"
  365   133  194  255        1  1  1    "R_TP3_C"
  366   133  194  255        1  1  1    "R_TP3_D"
  367   110  110  255        1  1  1    "R_T1_A"
  368   110  110  255        1  1  1    "R_T1_B"
  369   110  110  255        1  1  1    "R_T1_C"
  370   110  110  255        1  1  1    "R_T1_D"
  371   110  110  255        1  1  1    "R_T1_E"
  372   110  110  255        1  1  1    "R_T1_F"
  373   110  110  255        1  1  1    "R_T1_G"
  374   135  135  255        1  1  1    "R_T2.1_A"
  375   135  135  255        1  1  1    "R_T2.1_B"
  376   135  135  255        1  1  1    "R_T2.1_C"
  377   135  135  255        1  1  1    "R_T2.1_D"
  378   135  135  255        1  1  1    "R_T2.1_E"
  379   135  135  255        1  1  1    "R_T2.1_F"
  380   135  135  255        1  1  1    "R_T2.1_G"
  381   160  160  255        1  1  1    "R_T2.2_A"
  382   160  160  255        1  1  1    "R_T2.2_B"
  383   160  160  255        1  1  1    "R_T2.2_C"
  384   160  160  255        1  1  1    "R_T2.2_D"
  385   160  160  255        1  1  1    "R_T2.2_E"
  386   160  160  255        1  1  1    "R_T2.2_F"
  387   160  160  255        1  1  1    "R_T2.2_G"
  388   183  183  255        1  1  1    "R_T3.1_A"
  389   183  183  255        1  1  1    "R_T3.1_B"
  390   183  183  255        1  1  1    "R_T3.1_C"
  391   183  183  255        1  1  1    "R_T3.1_D"
  392   183  183  255        1  1  1    "R_T3.1_E"
  393   183  183  255        1  1  1    "R_T3.1_F"
  394   210  210  255        1  1  1    "R_T3.2_A"
  395   210  210  255        1  1  1    "R_T3.2_B"
  396   210  210  255        1  1  1    "R_T3.2_C"
  397   210  210  255        1  1  1    "R_T3.2_D"
  398   210  210  255        1  1  1    "R_T3.2_E"
  399   217  217    0        1  1  1    "R_O1_A"
  400   217  217    0        1  1  1    "R_O1_B"
  401   217  217    0        1  1  1    "R_O1_C"
  402   217  217    0        1  1  1    "R_O1_D"
  403   217  217    0        1  1  1    "R_O1_E"
  404   235  235    0        1  1  1    "R_O2.1_A"
  405   235  235    0        1  1  1    "R_O2.1_B"
  406   235  235    0        1  1  1    "R_O2.1_C"
  407   235  235    0        1  1  1    "R_O2.1_D"
  408   235  235    0        1  1  1    "R_O2.1_E"
  409   255  255   38        1  1  1    "R_O2.2_A"
  410   255  255   38        1  1  1    "R_O2.2_B"
  411   255  255   38        1  1  1    "R_O2.2_C"
  412   255  255   38        1  1  1    "R_O2.2_D"
  413   255  255   38        1  1  1    "R_O2.2_E"
  414   255  255   38        1  1  1    "R_O2.2_F"
  415   255  255   38        1  1  1    "R_O2.2_G"
  416   255  255   38        1  1  1    "R_O2.2_H"
  417   255  255   38        1  1  1    "R_O2.2_I"
  418   255  255   38        1  1  1    "R_O2.2_J"
  419   255  255   38        1  1  1    "R_O2.2_K"
  420   255  255   97        1  1  1    "R_O3_A"
  421   255  255   97        1  1  1    "R_O3_B"
  422   255  255   97        1  1  1    "R_O3_C.1"
  423   255  255   97        1  1  1    "R_O3_C.2"
  424   255  255   97        1  1  1    "R_O3_D.1"
  425   255  255   97        1  1  1    "R_O3_D.2"
  426   255  255   97        1  1  1    "R_O3_E"
  427   255  255   97        1  1  1    "R_O3_F"
  428   255  255   97        1  1  1    "R_O3_G"
  429   255  255   97        1  1  1    "R_O3_H"
  430   255  255   97        1  1  1    "R_O3_I"
  431   255  255  165        1  1  1    "R_O4_A"
  432   255  255   97        1  1  1    "R_O4_B"
  433   115  255  127        1  1  1    "R_AN1_A"
  434   115  255  127        1  1  1    "R_AN1_B"
  435   115  255  127        1  1  1    "R_AN1_C"
  436   133  255  145        1  1  1    "R_AN2_A"
  437   133  255  145        1  1  1    "R_AN2_B"
  438   133  255  145        1  1  1    "R_AN2_C"
  439   133  255  145        1  1  1    "R_AN2_D"
  440   129  221    0        1  1  1    "R_SM1_A"
  441   129  221    0        1  1  1    "R_SM1_B"
  442   129  221    0        1  1  1    "R_SM1_C"
  443   129  221    0        1  1  1    "R_SM1_D"
  444   129  221    0        1  1  1    "R_SM1_E"
  445   153  255    0        1  1  1    "R_SM2_A"
  446   149  255    0        1  1  1    "R_SM2_B"
  447   170  255   43        1  1  1    "R_SM3_A"
  448   170  255   43        1  1  1    "R_SM3_B"
  449   170  255   43        1  1  1    "R_SM3_C"
  450   179  255   56        1  1  1    "R_SM4_A"
  451   179  255   56        1  1  1    "R_SM4_B"
  452   179  255   56        1  1  1    "R_SM4_C"
  453   186  255   65        1  1  1    "R_SM5_A"
  454   186  255   65        1  1  1    "R_SM5_B"
  455   186  255   65        1  1  1    "R_SM5_C"
  456   186  255   65        1  1  1    "R_SM5_D"
  457   186  255   65        1  1  1    "R_SM5_E"
  458     0  122    0        1  1  1    "R_P1_A"
  459     0  122    0        1  1  1    "R_P1_B"
  460     0  122    0        1  1  1    "R_P1_C"
  461     0  122    0        1  1  1    "R_P1_D"
  462     0  122    0        1  1  1    "R_P1_E"
  463     0  122    0        1  1  1    "R_P1_F"
  464     0  122    0        1  1  1    "R_P1_G"
  465     0  150    0        1  1  1    "R_P2_A"
  466     0  150    0        1  1  1    "R_P2_B"
  467     0  150    0        1  1  1    "R_P2_C"
  468     0  150    0        1  1  1    "R_P2_D"
  469     0  176    0        1  1  1    "R_P3_A"
  470     0  176    0        1  1  1    "R_P3_B"
  471     0  176    0        1  1  1    "R_P3_C"
  472     0  176    0        1  1  1    "R_P3_D"
  473     0  176    0        1  1  1    "R_P3_E"
  474     0  176    0        1  1  1    "R_P3_F"
  475     0  203    0        1  1  1    "R_P4_A"
  476     0  203    0        1  1  1    "R_P4_B"
  477     0  203    0        1  1  1    "R_P4_C"
  478     0  203    0        1  1  1    "R_P4_D"
  479     0  203    0        1  1  1    "R_P4_E"
  480     0  203    0        1  1  1    "R_P4_F"
  481     0  203    0        1  1  1    "R_P4_G"
  482     0  255    0        1  1  1    "R_S_A"
  483     0  255    0        1  1  1    "R_S_B"
  484     0  255    0        1  1  1    "R_S_C"
  485     0  255    0        1  1  1    "R_S_D"
  486     0  255    0        1  1  1    "R_S_E"
  487     0  255    0        1  1  1    "R_S_F"
  488     0  255    0        1  1  1    "R_S_G"
  489     0  255    0        1  1  1    "R_S_H"
  490     0  255    0        1  1  1    "R_S_I"
  491     0  255    0        1  1  1    "R_S_J"
  492     0  255    0        1  1  1    "R_S_K"
  493     0  255    0        1  1  1    "R_S_L"
  494     0  255    0        1  1  1    "R_S_M"
  495   200    0    0        1  1  1    "R_M1_A"
  496   200    0    0        1  1  1    "R_M1_B"
  497   200    0    0        1  1  1    "R_M1_C"
  498   200    0    0        1  1  1    "R_M1_D"
  499   255    0    0        1  1  1    "R_M2_A"
  500   255    0    0        1  1  1    "R_M2_B"
  501   255    0    0        1  1  1    "R_M2_C"
  502   255    0    0        1  1  1    "R_M2_D"
  503   255    0    0        1  1  1    "R_M2_E"
  504   255    0    0        1  1  1    "R_M2_F"
  505   255    0    0        1  1  1    "R_M2_G"
  506   255    0    0        1  1  1    "R_M2_H"
  507   255    0    0        1  1  1    "R_M2_I"
  508   255    0    0        1  1  1    "R_M2_J"
  509   255    0    0        1  1  1    "R_M2_K"
  510   104    5    0        1  1  1    "R_SF1_A"
  511   104    5    0        1  1  1    "R_SF1_B"
  512   104    5    0        1  1  1    "R_SF1_C"
  513   104    5    0        1  1  1    "R_SF1_D"
  514   117    3    0        1  1  1    "R_SF2_A"
  515   117    3    0        1  1  1    "R_SF2_B"
  516   117    3    0        1  1  1    "R_SF2_C"
  517   117    3    0        1  1  1    "R_SF2_D"
  518   131    2    0        1  1  1    "R_SF3_A"
  519   131    2    0        1  1  1    "R_SF3_B"
  520   131    2    0        1  1  1    "R_SF3_C"
  521   131    2    0        1  1  1    "R_SF3_D"
  522   149    0    0        1  1  1    "R_SF4_A"
  523   149    0    0        1  1  1    "R_SF4_B"
  524   149    0    0        1  1  1    "R_SF4_C"
  525   149    0    0        1  1  1    "R_SF4_D"
  526   167    0    0        1  1  1    "R_SF5_A"
  527   167    0    0        1  1  1    "R_SF5_B"
  528   167    0    0        1  1  1    "R_SF5_C"
  529   167    0    0        1  1  1    "R_SF5_D"
  530   181    0    0        1  1  1    "R_SF6_A"
  531   181    0    0        1  1  1    "R_SF6_B"
  532   181    0    0        1  1  1    "R_SF6_C"
  533   181    0    0        1  1  1    "R_SF6_D"
  534   190    0    0        1  1  1    "R_SF7_A"
  535   190    0    0        1  1  1    "R_SF7_B"
  536   190    0    0        1  1  1    "R_SF7_C"
  537   190    0    0        1  1  1    "R_SF7_D"
  538   190    0    0        1  1  1    "R_SF7_E"
  539   203    0    0        1  1  1    "R_SF8_A"
  540   203    0    0        1  1  1    "R_SF8_B"
  541   203    0    0        1  1  1    "R_SF8_C"
  542   203    0    0        1  1  1    "R_SF8_D"
  543   255   16   16        1  1  1    "R_MF1_A"
  544   255   16   16        1  1  1    "R_MF1_B"
  545   255   16   16        1  1  1    "R_MF1_C"
  546   255   34   34        1  1  1    "R_MF2_A"
  547   255   34   34        1  1  1    "R_MF2_B"
  548   255   34   34        1  1  1    "R_MF2_C"
  549   255   34   34        1  1  1    "R_MF2_D"
  550   255   43   43        1  1  1    "R_MF3_A"
  551   255   43   43        1  1  1    "R_MF3_B"
  552   255   43   43        1  1  1    "R_MF3_C"
  553   255   43   43        1  1  1    "R_MF3_D"
  554   255   61   61        1  1  1    "R_MF4_A"
  555   255   61   61        1  1  1    "R_MF4_B"
  556   255   61   61        1  1  1    "R_MF4_C"
  557   255   61   61        1  1  1    "R_MF4_D"
  558   255   79   79        1  1  1    "R_MF5_A"
  559   255   79   79        1  1  1    "R_MF5_B"
  560   255   79   79        1  1  1    "R_MF5_C"
  561   255   93   93        1  1  1    "R_MF6_A"
  562   255   93   93        1  1  1    "R_MF6_B"
  563   255   93   93        1  1  1    "R_MF6_C"
  564   255  110  110        1  1  1    "R_MF7_A"
  565   255  110  110        1  1  1    "R_MF7_B"
  566   255  110  110        1  1  1    "R_MF7_C"
  567   255  133  133        1  1  1    "R_MF8_A"
  568   255  133  164        1  1  1    "R_OP_A"
  569   255  133  164        1  1  1    "R_OP_B"
  570   255  133  164        1  1  1    "R_OP_C"
  571   255   84  132        1  1  1    "R_TR1_A"
  572   255   84  132        1  1  1    "R_TR1_B"
  573   255   97  142        1  1  1    "R_TR2_A"
  574   255   97  142        1  1  1    "R_TR2_B"
  575   255  102  151        1  1  1    "R_TR3_A"
  576   255  102  151        1  1  1    "R_TR3_B"
  577   255   79  126        1  1  1    "R_OR_A"
  578   255   79  126        1  1  1    "R_OR_B"
  579   255   79  126        1  1  1    "R_OR_C"
  580   212   70    0        1  1  1    "R_FP1_A"
  581   212   73    0        1  1  1    "R_FP1_B"
  582   212   70    0        1  1  1    "R_FP1_C"
  583   212   70    0        1  1  1    "R_FP1_D"
  584   212   70    0        1  1  1    "R_FP1_E"
  585   212   70    0        1  1  1    "R_FP1_F"
  586   212   70    0        1  1  1    "R_FP1_G"
  587   212   70    0        1  1  1    "R_FP1_H"
  588   230   73    0        1  1  1    "R_FP2_A"
  589   230   73    0        1  1  1    "R_FP2_B"
  590   230   73    0        1  1  1    "R_FP2_C"
  591   230   73    0        1  1  1    "R_FP2_D"
  592   255   81    0        1  1  1    "R_FP3_A"
  593   255   81    0        1  1  1    "R_FP3_B"
  594   255   81    0        1  1  1    "R_FP3_C"
  595   255   81    0        1  1  1    "R_FP3_D"
  596   255   81    0        1  1  1    "R_FP3_E"
  597   255   81    0        1  1  1    "R_FP3_F"
  598   255   81    0        1  1  1    "R_FP3_G"
  599   255   98   25        1  1  1    "R_FP4_A"
  600   255   98   25        1  1  1    "R_FP4_B"
  601   255   98   25        1  1  1    "R_FP4_C"
  602   255   98   25        1  1  1    "R_FP4_D"
  603   255   98   25        1  1  1    "R_FP4_E"
  604   255   98   25        1  1  1    "R_FP4_F"
  605   255  171   52        1  1  1    "R_FO1_A"
  606   255  171   52        1  1  1    "R_FO1_B"
  607   255  171   52        1  1  1    "R_FO1_C"
  608   255  171   52        1  1  1    "R_FO1_D"
  609   255  182   79        1  1  1    "R_FO2_A"
  610   255  182   79        1  1  1    "R_FO2_B"
  611   255  182   79        1  1  1    "R_FO2_C"
  612   255  182   79        1  1  1    "R_FO2_D"
  613   255  182   79        1  1  1    "R_FO2_E"
  614   255  193  106        1  1  1    "R_FO3_A"
  615   255  193  106        1  1  1    "R_FO3_B"
  616   255  193  106        1  1  1    "R_FO3_C"
  617   255  193  106        1  1  1    "R_FO3_D"
  618   255  201  124        1  1  1    "R_FO4_A"
  619   255  201  124        1  1  1    "R_FO4_B"
  620   255  201  124        1  1  1    "R_FO4_C"
  621   255  201  124        1  1  1    "R_FO4_D"
  622   255  201  124        1  1  1    "R_FO5_A"
  623   255  201  124        1  1  1    "R_FO5_B"
  624   255  201  124        1  1  1    "R_FO5_C"
  625   255  201  124        1  1  1    "R_FO5_D"
  626   255  201  124        1  1  1    "R_FO5_E"
  627   255  220  170        1  1  1    "R_FO6_A"
  628   255  220  170        1  1  1    "R_FO6_B"
  629   255  220  170        1  1  1    "R_FO6_C"
  630   226  151  255        1  1  1    "R_LOT_A"
  631   226  151  255        1  1  1    "R_LOT_B"
  632   226  151  255        1  1  1    "R_LOT_C"
  633   226  151  255        1  1  1    "R_LOT_D"
  634   226  151  255        1  1  1    "R_LOT_E"
  635   172  120  255        1  1  1    "R_MOT_A"
  636   172  120  255        1  1  1    "R_MOT_B"
  637   172  120  255        1  1  1    "R_MOT_C"
  638   172  120  255        1  1  1    "R_MOT_D"
  639   172  120  255        1  1  1    "R_MOT_E"
  640   172  120  255        1  1  1    "R_MOT_F"
  641   172  120  255        1  1  1    "R_MOT_G"
  642   172  120  255        1  1  1    "R_MOT_H"
  643   255  133  223        1  1  1    "R_PH_A"
  644   255  133  223        1  1  1    "R_PH_B"
  645   255  133  223        1  1  1    "R_PH_C"
  646   255  133  223        1  1  1    "R_PH_D"
  647   255  133  223        1  1  1    "R_PH_E"
  648   255  133  223        1  1  1    "R_PH_F"
  649   255  133  223        1  1  1    "R_PH_G"
  650   255  213    0        1  1  1    "R_L_A"
  651   255  213    0        1  1  1    "R_L_B"
  652   255  213    0        1  1  1    "R_L_C"
  653   181   69  174        1  1  1    "R_CG_A"
  654   181   69  174        1  1  1    "R_CG_B"
  655   181   69  174        1  1  1    "R_CG_C"
  656   181   69  174        1  1  1    "R_CG_D"
  657   181   69  174        1  1  1    "R_CG_E"
  658   181   69  174        1  1  1    "R_CG_F"
  659   181   69  174        1  1  1    "R_CG_G"
  660   181   69  174        1  1  1    "R_CG_H"
  661   181   69  174        1  1  1    "R_CG_I"
  662   181   69  174        1  1  1    "R_CG_J"
  663   181   69  174        1  1  1    "R_CG_K"
  664   181   69  174        1  1  1    "R_CG_L"
  665   181   69  174        1  1  1    "R_CG_M"
  666   181   69  174        1  1  1    "R_CG_N.1"
  667   181   69  174        1  1  1    "R_CG_N.2"
  668   181   69  174        1  1  1    "R_CG_O"
  669   181   69  174        1  1  1    "R_CG_P"
  670   181   69  174        1  1  1    "R_CG_Q"
  671   181   69  174        1  1  1    "R_CG_R"
  672   113   74  255        1  1  1    "R_H_A"
  673   113   74  255        1  1  1    "R_H_B"
  674   113   74  255        1  1  1    "R_H_C"
  675   126    0  230        1  1  1    "R_A_A"
  676   126    0  230        1  1  1    "R_A_B"
  677   107    0  149        1  1  1    "R_I1_A"
  678   107    0  149        1  1  1    "R_I1_B"
  679   107    0  149        1  1  1    "R_I1_C"
  680   126    0  176        1  1  1    "R_I2_A"
  681   126    0  176        1  1  1    "R_I2_B"
  682   126    0  176        1  1  1    "R_I2_C"
  683   155    0  221        1  1  1    "R_I3_A"
  684   155    0  221        1  1  1    "R_I3_B"
  685   155    0  221        1  1  1    "R_I3_C"
  686   190   38  255        1  1  1    "R_I4_A"
  687   190   38  255        1  1  1    "R_I4_B"
  688   190   38  255        1  1  1    "R_I4_C"
  689   190   38  255        1  1  1    "R_I4_D"
  690   211  106  255        1  1  1    "R_I5_A"
  691   211  106  255        1  1  1    "R_I5_B"
  692   211  106  255        1  1  1    "R_I5_C"
  693   211  106  255        1  1  1    "R_I5_D"
  694     0  208  208        1  1  1    "R_CC_A"
  695     0  255  255        1  1  1    "R_CC_B"
  696   124  255  255        1  1  1    "R_CC_C"
