################################################
# ITK-SnAP Label Description File
# File format: 
# IDX   -R-  -G-  -B-  -A--  VIS MSH  LABEL
# Fields: 
#    IDX:   Zero-based index 
#    -R-:   Red color component (0..255)
#    -G-:   Green color component (0..255)
#    -B-:   Blue color component (0..255)
#    -A-:   Label transparency (0.00 .. 1.00)
#    VIS:   Label visibility (0 or 1)
#    IDX:   Label mesh visibility (0 or 1)
#  LABEL:   Label description 
################################################
    0     0    0    0        0  0  0    "Clear Label"
    1     0  115  230        1  1  1    "L_TP1_A"
    2     0  115  230        1  1  1    "L_TP1_B"
    3     0  115  230        1  1  1    "L_TP1_C"
    4     0  115  230        1  1  1    "L_TP1_D"
    5     0  115  230        1  1  1    "L_TP1_E"
    6     0  115  230        1  1  1    "L_TP1_F"
    7    47  151  255        1  1  1    "L_TP2.1_A"
    8    47  151  255        1  1  1    "L_TP2.1_B"
    9    47  151  255        1  1  1    "L_TP2.1_C"
   10    47  151  255        1  1  1    "L_TP2.1_D"
   11    93  174  255        1  1  1    "L_TP2.2_A"
   12    93  174  255        1  1  1    "L_TP2.2_B"
   13    93  174  255        1  1  1    "L_TP2.2_C"
   14    93  174  255        1  1  1    "L_TP2.2_D"
   15   133  194  255        1  1  1    "L_TP3_A"
   16   133  194  255        1  1  1    "L_TP3_B"
   17   133  194  255        1  1  1    "L_TP3_C"
   18   133  194  255        1  1  1    "L_TP3_D"
   19   110  110  255        1  1  1    "L_T1_A"
   20   110  110  255        1  1  1    "L_T1_B"
   21   110  110  255        1  1  1    "L_T1_C"
   22   110  110  255        1  1  1    "L_T1_D"
   23   110  110  255        1  1  1    "L_T1_E"
   24   110  110  255        1  1  1    "L_T1_F"
   25   110  110  255        1  1  1    "L_T1_G"
   26   135  135  255        1  1  1    "L_T2.1_A"
   27   135  135  255        1  1  1    "L_T2.1_B"
   28   135  135  255        1  1  1    "L_T2.1_C"
   29   135  135  255        1  1  1    "L_T2.1_D"
   30   135  135  255        1  1  1    "L_T2.1_E"
   31   135  135  255        1  1  1    "L_T2.1_F"
   32   135  135  255        1  1  1    "L_T2.1_G"
   33   160  160  255        1  1  1    "L_T2.2_A"
   34   160  160  255        1  1  1    "L_T2.2_B"
   35   160  160  255        1  1  1    "L_T2.2_C"
   36   160  160  255        1  1  1    "L_T2.2_D"
   37   160  160  255        1  1  1    "L_T2.2_E"
   38   160  160  255        1  1  1    "L_T2.2_F"
   39   160  160  255        1  1  1    "L_T2.2_G"
   40   183  183  255        1  1  1    "L_T3.1_A"
   41   183  183  255        1  1  1    "L_T3.1_B"
   42   183  183  255        1  1  1    "L_T3.1_C"
   43   183  183  255        1  1  1    "L_T3.1_D"
   44   183  183  255        1  1  1    "L_T3.1_E"
   45   183  183  255        1  1  1    "L_T3.1_F"
   46   210  210  255        1  1  1    "L_T3.2_A"
   47   210  210  255        1  1  1    "L_T3.2_B"
   48   210  210  255        1  1  1    "L_T3.2_C"
   49   210  210  255        1  1  1    "L_T3.2_D"
   50   210  210  255        1  1  1    "L_T3.2_E"
   51   217  217    0        1  1  1    "L_O1_A"
   52   217  217    0        1  1  1    "L_O1_B "
   53   217  217    0        1  1  1    "L_O1_C"
   54   217  217    0        1  1  1    "L_O1_D"
   55   217  217    0        1  1  1    "L_O1_E"
   56   235  235    0        1  1  1    "L_O2.1_A"
   57   235  235    0        1  1  1    "L_O2.1_B"
   58   235  235    0        1  1  1    "L_O2.1_C"
   59   235  235    0        1  1  1    "L_O2.1_D"
   60   235  235    0        1  1  1    "L_O2.1_E"
   61   255  255   38        1  1  1    "L_O2.2_A"
   62   255  255   38        1  1  1    "L_O2.2_B"
   63   255  255   38        1  1  1    "L_O2.2_C"
   64   255  255   38        1  1  1    "L_O2.2_D"
   65   255  255   38        1  1  1    "L_O2.2_E"
   66   255  255   38        1  1  1    "L_O2.2_F"
   67   255  255   38        1  1  1    "L_O2.2_G"
   68   255  255   38        1  1  1    "L_O2.2_H"
   69   255  255   38        1  1  1    "L_O2.2_I"
   70   255  255   38        1  1  1    "L_O2.2_J"
   71   255  255   38        1  1  1    "L_O2.2_K"
   72   255  255   97        1  1  1    "L_O3_A"
   73   255  255   97        1  1  1    "L_O3_B"
   74   255  255   97        1  1  1    "L_O3_C.1"
   75   255  255   97        1  1  1    "L_O3_C.2"
   76   255  255   97        1  1  1    "L_O3_D.1"
   77   255  255   97        1  1  1    "L_O3_D.2"
   78   255  255   97        1  1  1    "L_O3_E"
   79   255  255   97        1  1  1    "L_O3_F"
   80   255  255   97        1  1  1    "L_O3_G"
   81   255  255   97        1  1  1    "L_O3_H"
   82   255  255   97        1  1  1    "L_O3_I"
   83   255  255  165        1  1  1    "L_O4_A"
   84   255  255   97        1  1  1    "L_O4_B"
   85   115  255  127        1  1  1    "L_AN1_A"
   86   115  255  127        1  1  1    "L_AN1_B"
   87   115  255  127        1  1  1    "L_AN1_C"
   88   133  255  145        1  1  1    "L_AN2_A"
   89   133  255  145        1  1  1    "L_AN2_B"
   90   133  255  145        1  1  1    "L_AN2_C"
   91   133  255  145        1  1  1    "L_AN2_D"
   92   129  221    0        1  1  1    "L_SM1_A"
   93   129  221    0        1  1  1    "L_SM1_B"
   94   129  221    0        1  1  1    "L_SM1_C"
   95   129  221    0        1  1  1    "L_SM1_D"
   96   129  221    0        1  1  1    "L_SM1_E"
   97   153  255    0        1  1  1    "L_SM2_A"
   98   149  255    0        1  1  1    "L_SM2_B"
   99   170  255   43        1  1  1    "L_SM3_A"
  100   170  255   43        1  1  1    "L_SM3_B"
  101   170  255   43        1  1  1    "L_SM3_C"
  102   179  255   56        1  1  1    "L_SM4_A"
  103   179  255   56        1  1  1    "L_SM4_B"
  104   179  255   56        1  1  1    "L_SM4_C"
  105   186  255   65        1  1  1    "L_SM5_A"
  106   186  255   65        1  1  1    "L_SM5_B"
  107   186  255   65        1  1  1    "L_SM5_C"
  108   186  255   65        1  1  1    "L_SM5_D"
  109   186  255   65        1  1  1    "L_SM5_E"
  110     0  122    0        1  1  1    "L_P1_A"
  111     0  122    0        1  1  1    "L_P1_B"
  112     0  122    0        1  1  1    "L_P1_C"
  113     0  122    0        1  1  1    "L_P1_D"
  114     0  122    0        1  1  1    "L_P1_E"
  115     0  122    0        1  1  1    "L_P1_F"
  116     0  122    0        1  1  1    "L_P1_G"
  117     0  150    0        1  1  1    "L_P2_A"
  118     0  150    0        1  1  1    "L_P2_B"
  119     0  150    0        1  1  1    "L_P2_C"
  120     0  150    0        1  1  1    "L_P2_D"
  121     0  176    0        1  1  1    "L_P3_A"
  122     0  176    0        1  1  1    "L_P3_B"
  123     0  176    0        1  1  1    "L_P3_C"
  124     0  176    0        1  1  1    "L_P3_D"
  125     0  176    0        1  1  1    "L_P3_E"
  126     0  176    0        1  1  1    "L_P3_F"
  127     0  203    0        1  1  1    "L_P4_A"
  128     0  203    0        1  1  1    "L_P4_B"
  129     0  203    0        1  1  1    "L_P4_C"
  130     0  203    0        1  1  1    "L_P4_D"
  131     0  203    0        1  1  1    "L_P4_E"
  132     0  203    0        1  1  1    "L_P4_F"
  133     0  203    0        1  1  1    "L_P4_G"
  134     0  255    0        1  1  1    "L_S_A"
  135     0  255    0        1  1  1    "L_S_B"
  136     0  255    0        1  1  1    "L_S_C"
  137     0  255    0        1  1  1    "L_S_D"
  138     0  255    0        1  1  1    "L_S_E"
  139     0  255    0        1  1  1    "L_S_F"
  140     0  255    0        1  1  1    "L_S_G"
  141     0  255    0        1  1  1    "L_S_H"
  142     0  255    0        1  1  1    "L_S_I"
  143     0  255    0        1  1  1    "L_S_J"
  144     0  255    0        1  1  1    "L_S_K"
  145     0  255    0        1  1  1    "L_S_L"
  146     0  255    0        1  1  1    "L_S_M"
  147   200    0    0        1  1  1    "L_M1_A"
  148   200    0    0        1  1  1    "L_M1_B"
  149   200    0    0        1  1  1    "L_M1_C"
  150   200    0    0        1  1  1    "L_M1_D"
  151   255    0    0        1  1  1    "L_M2_A"
  152   255    0    0        1  1  1    "L_M2_B"
  153   255    0    0        1  1  1    "L_M2_C"
  154   255    0    0        1  1  1    "L_M2_D"
  155   255    0    0        1  1  1    "L_M2_E"
  156   255    0    0        1  1  1    "L_M2_F"
  157   255    0    0        1  1  1    "L_M2_G"
  158   255    0    0        1  1  1    "L_M2_H"
  159   255    0    0        1  1  1    "L_M2_I"
  160   255    0    0        1  1  1    "L_M2_J"
  161   255    0    0        1  1  1    "L_M2_K"
  162   104    5    0        1  1  1    "L_SF1_A"
  163   104    5    0        1  1  1    "L_SF1_B"
  164   104    5    0        1  1  1    "L_SF1_C"
  165   104    5    0        1  1  1    "L_SF1_D"
  166   117    3    0        1  1  1    "L_SF2_A"
  167   117    3    0        1  1  1    "L_SF2_B"
  168   117    3    0        1  1  1    "L_SF2_C"
  169   117    3    0        1  1  1    "L_SF2_D"
  170   131    2    0        1  1  1    "L_SF3_A"
  171   131    2    0        1  1  1    "L_SF3_B"
  172   131    2    0        1  1  1    "L_SF3_C"
  173   131    2    0        1  1  1    "L_SF3_D"
  174   149    0    0        1  1  1    "L_SF4_A"
  175   149    0    0        1  1  1    "L_SF4_B"
  176   149    0    0        1  1  1    "L_SF4_C"
  177   149    0    0        1  1  1    "L_SF4_D"
  178   167    0    0        1  1  1    "L_SF5_A"
  179   167    0    0        1  1  1    "L_SF5_B"
  180   167    0    0        1  1  1    "L_SF5_C"
  181   167    0    0        1  1  1    "L_SF5_D"
  182   181    0    0        1  1  1    "L_SF6_A"
  183   181    0    0        1  1  1    "L_SF6_B"
  184   181    0    0        1  1  1    "L_SF6_C"
  185   181    0    0        1  1  1    "L_SF6_D"
  186   190    0    0        1  1  1    "L_SF7_A"
  187   190    0    0        1  1  1    "L_SF7_B"
  188   190    0    0        1  1  1    "L_SF7_C"
  189   190    0    0        1  1  1    "L_SF7_D"
  190   190    0    0        1  1  1    "L_SF7_E"
  191   203    0    0        1  1  1    "L_SF8_A"
  192   203    0    0        1  1  1    "L_SF8_B"
  193   203    0    0        1  1  1    "L_SF8_C"
  194   203    0    0        1  1  1    "L_SF8_D"
  195   255   16   16        1  1  1    "L_MF1_A"
  196   255   16   16        1  1  1    "L_MF1_B"
  197   255   16   16        1  1  1    "L_MF1_C"
  198   255   34   34        1  1  1    "L_MF2_A"
  199   255   34   34        1  1  1    "L_MF2_B"
  200   255   34   34        1  1  1    "L_MF2_C"
  201   255   34   34        1  1  1    "L_MF2_D"
  202   255   43   43        1  1  1    "L_MF3_A"
  203   255   43   43        1  1  1    "L_MF3_B"
  204   255   43   43        1  1  1    "L_MF3_C"
  205   255   43   43        1  1  1    "L_MF3_D"
  206   255   61   61        1  1  1    "L_MF4_A"
  207   255   61   61        1  1  1    "L_MF4_B"
  208   255   61   61        1  1  1    "L_MF4_C"
  209   255   61   61        1  1  1    "L_MF4_D"
  210   255   79   79        1  1  1    "L_MF5_A"
  211   255   79   79        1  1  1    "L_MF5_B"
  212   255   79   79        1  1  1    "L_MF5_C"
  213   255   93   93        1  1  1    "L_MF6_A"
  214   255   93   93        1  1  1    "L_MF6_B"
  215   255   93   93        1  1  1    "L_MF6_C"
  216   255  110  110        1  1  1    "L_MF7_A"
  217   255  110  110        1  1  1    "L_MF7_B"
  218   255  110  110        1  1  1    "L_MF7_C"
  219   255  133  133        1  1  1    "L_MF8_A"
  220   255  133  164        1  1  1    "L_OP_A"
  221   255  133  164        1  1  1    "L_OP_B"
  222   255  133  164        1  1  1    "L_OP_C"
  223   255   84  132        1  1  1    "L_TR1_A"
  224   255   84  132        1  1  1    "L_TR1_B"
  225   255   97  142        1  1  1    "L_TR2_A"
  226   255   97  142        1  1  1    "L_TR2_B"
  227   255  102  151        1  1  1    "L_TR3_A"
  228   255  102  151        1  1  1    "L_TR3_B"
  229   255   79  126        1  1  1    "L_OR_A"
  230   255   79  126        1  1  1    "L_OR_B"
  231   255   79  126        1  1  1    "L_OR_C"
  232   212   70    0        1  1  1    "L_FP1_A"
  233   212   73    0        1  1  1    "L_FP1_B"
  234   212   70    0        1  1  1    "L_FP1_C"
  235   212   70    0        1  1  1    "L_FP1_D"
  236   212   70    0        1  1  1    "L_FP1_E"
  237   212   70    0        1  1  1    "L_FP1_F"
  238   212   70    0        1  1  1    "L_FP1_G"
  239   212   70    0        1  1  1    "L_FP1_H"
  240   230   73    0        1  1  1    "L_FP2_A"
  241   230   73    0        1  1  1    "L_FP2_B"
  242   230   73    0        1  1  1    "L_FP2_C"
  243   230   73    0        1  1  1    "L_FP2_D"
  244   255   81    0        1  1  1    "L_FP3_A"
  245   255   81    0        1  1  1    "L_FP3_B"
  246   255   81    0        1  1  1    "L_FP3_C"
  247   255   81    0        1  1  1    "L_FP3_D"
  248   255   81    0        1  1  1    "L_FP3_E"
  249   255   81    0        1  1  1    "L_FP3_F"
  250   255   81    0        1  1  1    "L_FP3_G"
  251   255   98   25        1  1  1    "L_FP4_A"
  252   255   98   25        1  1  1    "L_FP4_B"
  253   255   98   25        1  1  1    "L_FP4_C"
  254   255   98   25        1  1  1    "L_FP4_D"
  255   255   98   25        1  1  1    "L_FP4_E"
  256   255   98   25        1  1  1    "L_FP4_F"
  257   255  171   52        1  1  1    "L_FO1_A"
  258   255  171   52        1  1  1    "L_FO1_B"
  259   255  171   52        1  1  1    "L_FO1_C"
  260   255  171   52        1  1  1    "L_FO1_D"
  261   255  182   79        1  1  1    "L_FO2_A"
  262   255  182   79        1  1  1    "L_FO2_B"
  263   255  182   79        1  1  1    "L_FO2_C"
  264   255  182   79        1  1  1    "L_FO2_D"
  265   255  182   79        1  1  1    "L_FO2_E"
  266   255  193  106        1  1  1    "L_FO3_A"
  267   255  193  106        1  1  1    "L_FO3_B"
  268   255  193  106        1  1  1    "L_FO3_C"
  269   255  193  106        1  1  1    "L_FO3_D"
  270   255  201  124        1  1  1    "L_FO4_A"
  271   255  201  124        1  1  1    "L_FO4_B"
  272   255  201  124        1  1  1    "L_FO4_C"
  273   255  201  124        1  1  1    "L_FO4_D"
  274   255  201  124        1  1  1    "L_FO5_A"
  275   255  201  124        1  1  1    "L_FO5_B"
  276   255  201  124        1  1  1    "L_FO5_C"
  277   255  201  124        1  1  1    "L_FO5_D"
  278   255  201  124        1  1  1    "L_FO5_E"
  279   255  220  170        1  1  1    "L_FO6_A"
  280   255  220  170        1  1  1    "L_FO6_B"
  281   255  220  170        1  1  1    "L_FO6_C"
  282   226  151  255        1  1  1    "L_LOT_A"
  283   226  151  255        1  1  1    "L_LOT_B"
  284   226  151  255        1  1  1    "L_LOT_C"
  285   226  151  255        1  1  1    "L_LOT_D"
  286   226  151  255        1  1  1    "L_LOT_E"
  287   172  120  255        1  1  1    "L_MOT_A"
  288   172  120  255        1  1  1    "L_MOT_B"
  289   172  120  255        1  1  1    "L_MOT_C"
  290   172  120  255        1  1  1    "L_MOT_D"
  291   172  120  255        1  1  1    "L_MOT_E"
  292   172  120  255        1  1  1    "L_MOT_F"
  293   172  120  255        1  1  1    "L_MOT_G"
  294   172  120  255        1  1  1    "L_MOT_H"
  295   255  133  223        1  1  1    "L_PH_A"
  296   255  133  223        1  1  1    "L_PH_B"
  297   255  133  223        1  1  1    "L_PH_C"
  298   255  133  223        1  1  1    "L_PH_D"
  299   255  133  223        1  1  1    "L_PH_E"
  300   255  133  223        1  1  1    "L_PH_F"
  301   255  133  223        1  1  1    "L_PH_G"
  302   255  213    0        1  1  1    "L_L_A"
  303   255  213    0        1  1  1    "L_L_B"
  304   255  213    0        1  1  1    "L_L_C"
  305   181   69  174        1  1  1    "L_C_A"
  306   181   69  174        1  1  1    "L_C_B"
  307   181   69  174        1  1  1    "L_C_C"
  308   181   69  174        1  1  1    "L_C_D"
  309   181   69  174        1  1  1    "L_C_E"
  310   181   69  174        1  1  1    "L_C_F"
  311   181   69  174        1  1  1    "L_C_G"
  312   181   69  174        1  1  1    "L_C_H"
  313   181   69  174        1  1  1    "L_C_I"
  314   181   69  174        1  1  1    "L_C_J"
  315   181   69  174        1  1  1    "L_C_K"
  316   181   69  174        1  1  1    "L_C_L"
  317   181   69  174        1  1  1    "L_C_M"
  318   181   69  174        1  1  1    "L_C_N.1"
  319   181   69  174        1  1  1    "L_C_N.2"
  320   181   69  174        1  1  1    "L_C_O"
  321   181   69  174        1  1  1    "L_C_P"
  322   181   69  174        1  1  1    "L_C_Q"
  323   181   69  174        1  1  1    "L_C_R"
  324   113   74  255        1  1  1    "L_H_A"
  325   113   74  255        1  1  1    "L_H_B"
  326   113   74  255        1  1  1    "L_H_C"
  327   126    0  230        1  1  1    "L_A_A"
  328   126    0  230        1  1  1    "L_A_B"
  329   107    0  149        1  1  1    "L_I1_A"
  330   107    0  149        1  1  1    "L_I1_B"
  331   107    0  149        1  1  1    "L_I1_C"
  332   126    0  176        1  1  1    "L_I2_A"
  333   126    0  176        1  1  1    "L_I2_B"
  334   126    0  176        1  1  1    "L_I2_C"
  335   155    0  221        1  1  1    "L_I3_A"
  336   155    0  221        1  1  1    "L_I3_B"
  337   155    0  221        1  1  1    "L_I3_C"
  338   190   38  255        1  1  1    "L_I4_A"
  339   190   38  255        1  1  1    "L_I4_B"
  340   190   38  255        1  1  1    "L_I4_C"
  341   190   38  255        1  1  1    "L_I4_D"
  342   211  106  255        1  1  1    "L_I5_A"
  343   211  106  255        1  1  1    "L_I5_B"
  344   211  106  255        1  1  1    "L_I5_C"
  345   211  106  255        1  1  1    "L_I5_D"
  346     0  115  230        1  1  1    "R_TP1_A"
  347     0  115  230        1  1  1    "R_TP1_B"
  348     0  115  230        1  1  1    "R_TP1_C"
  349     0  115  230        1  1  1    "R_TP1_D"
  350     0  115  230        1  1  1    "R_TP1_E"
  351     0  115  230        1  1  1    "R_TP1_F"
  352    47  151  255        1  1  1    "R_TP2.1_A"
  353    47  151  255        1  1  1    "R_TP2.1_B"
  354    47  151  255        1  1  1    "R_TP2.1_C"
  355    47  151  255        1  1  1    "R_TP2.1_D"
  356    93  174  255        1  1  1    "R_TP2.2_A"
  357    93  174  255        1  1  1    "R_TP2.2_B"
  358    93  174  255        1  1  1    "R_TP2.2_C"
  359    93  174  255        1  1  1    "R_TP2.2_D"
  360   133  194  255        1  1  1    "R_TP3_A"
  361   133  194  255        1  1  1    "R_TP3_B"
  362   133  194  255        1  1  1    "R_TP3_C"
  363   133  194  255        1  1  1    "R_TP3_D"
  364   110  110  255        1  1  1    "R_T1_A"
  365   110  110  255        1  1  1    "R_T1_B"
  366   110  110  255        1  1  1    "R_T1_C"
  367   110  110  255        1  1  1    "R_T1_D"
  368   110  110  255        1  1  1    "R_T1_E"
  369   110  110  255        1  1  1    "R_T1_F"
  370   110  110  255        1  1  1    "R_T1_G"
  371   135  135  255        1  1  1    "R_T2.1_A"
  372   135  135  255        1  1  1    "R_T2.1_B"
  373   135  135  255        1  1  1    "R_T2.1_C"
  374   135  135  255        1  1  1    "R_T2.1_D"
  375   135  135  255        1  1  1    "R_T2.1_E"
  376   135  135  255        1  1  1    "R_T2.1_F"
  377   135  135  255        1  1  1    "R_T2.1_G"
  378   160  160  255        1  1  1    "R_T2.2_A"
  379   160  160  255        1  1  1    "R_T2.2_B"
  380   160  160  255        1  1  1    "R_T2.2_C"
  381   160  160  255        1  1  1    "R_T2.2_D"
  382   160  160  255        1  1  1    "R_T2.2_E"
  383   160  160  255        1  1  1    "R_T2.2_F"
  384   160  160  255        1  1  1    "R_T2.2_G"
  385   183  183  255        1  1  1    "R_T3.1_A"
  386   183  183  255        1  1  1    "R_T3.1_B"
  387   183  183  255        1  1  1    "R_T3.1_C"
  388   183  183  255        1  1  1    "R_T3.1_D"
  389   183  183  255        1  1  1    "R_T3.1_E"
  390   183  183  255        1  1  1    "R_T3.1_F"
  391   210  210  255        1  1  1    "R_T3.2_A"
  392   210  210  255        1  1  1    "R_T3.2_B"
  393   210  210  255        1  1  1    "R_T3.2_C"
  394   210  210  255        1  1  1    "R_T3.2_D"
  395   210  210  255        1  1  1    "R_T3.2_E"
  396   217  217    0        1  1  1    "R_O1_A"
  397   217  217    0        1  1  1    "R_O1_B "
  398   217  217    0        1  1  1    "R_O1_C"
  399   217  217    0        1  1  1    "R_O1_D"
  400   217  217    0        1  1  1    "R_O1_E"
  401   235  235    0        1  1  1    "R_O2.1_A"
  402   235  235    0        1  1  1    "R_O2.1_B"
  403   235  235    0        1  1  1    "R_O2.1_C"
  404   235  235    0        1  1  1    "R_O2.1_D"
  405   235  235    0        1  1  1    "R_O2.1_E"
  406   255  255   38        1  1  1    "R_O2.2_A"
  407   255  255   38        1  1  1    "R_O2.2_B"
  408   255  255   38        1  1  1    "R_O2.2_C"
  409   255  255   38        1  1  1    "R_O2.2_D"
  410   255  255   38        1  1  1    "R_O2.2_E"
  411   255  255   38        1  1  1    "R_O2.2_F"
  412   255  255   38        1  1  1    "R_O2.2_G"
  413   255  255   38        1  1  1    "R_O2.2_H"
  414   255  255   38        1  1  1    "R_O2.2_I"
  415   255  255   38        1  1  1    "R_O2.2_J"
  416   255  255   38        1  1  1    "R_O2.2_K"
  417   255  255   97        1  1  1    "R_O3_A"
  418   255  255   97        1  1  1    "R_O3_B"
  419   255  255   97        1  1  1    "R_O3_C.1"
  420   255  255   97        1  1  1    "R_O3_C.2"
  421   255  255   97        1  1  1    "R_O3_D.1"
  422   255  255   97        1  1  1    "R_O3_D.2"
  423   255  255   97        1  1  1    "R_O3_E"
  424   255  255   97        1  1  1    "R_O3_F"
  425   255  255   97        1  1  1    "R_O3_G"
  426   255  255   97        1  1  1    "R_O3_H"
  427   255  255   97        1  1  1    "R_O3_I"
  428   255  255  165        1  1  1    "R_O4_A"
  429   255  255   97        1  1  1    "R_O4_B"
  430   115  255  127        1  1  1    "R_AN1_A"
  431   115  255  127        1  1  1    "R_AN1_B"
  432   115  255  127        1  1  1    "R_AN1_C"
  433   133  255  145        1  1  1    "R_AN2_A"
  434   133  255  145        1  1  1    "R_AN2_B"
  435   133  255  145        1  1  1    "R_AN2_C"
  436   133  255  145        1  1  1    "R_AN2_D"
  437   129  221    0        1  1  1    "R_SM1_A"
  438   129  221    0        1  1  1    "R_SM1_B"
  439   129  221    0        1  1  1    "R_SM1_C"
  440   129  221    0        1  1  1    "R_SM1_D"
  441   129  221    0        1  1  1    "R_SM1_E"
  442   153  255    0        1  1  1    "R_SM2_A"
  443   149  255    0        1  1  1    "R_SM2_B"
  444   170  255   43        1  1  1    "R_SM3_A"
  445   170  255   43        1  1  1    "R_SM3_B"
  446   170  255   43        1  1  1    "R_SM3_C"
  447   179  255   56        1  1  1    "R_SM4_A"
  448   179  255   56        1  1  1    "R_SM4_B"
  449   179  255   56        1  1  1    "R_SM4_C"
  450   186  255   65        1  1  1    "R_SM5_A"
  451   186  255   65        1  1  1    "R_SM5_B"
  452   186  255   65        1  1  1    "R_SM5_C"
  453   186  255   65        1  1  1    "R_SM5_D"
  454   186  255   65        1  1  1    "R_SM5_E"
  455     0  122    0        1  1  1    "R_P1_A"
  456     0  122    0        1  1  1    "R_P1_B"
  457     0  122    0        1  1  1    "R_P1_C"
  458     0  122    0        1  1  1    "R_P1_D"
  459     0  122    0        1  1  1    "R_P1_E"
  460     0  122    0        1  1  1    "R_P1_F"
  461     0  122    0        1  1  1    "R_P1_G"
  462     0  150    0        1  1  1    "R_P2_A"
  463     0  150    0        1  1  1    "R_P2_B"
  464     0  150    0        1  1  1    "R_P2_C"
  465     0  150    0        1  1  1    "R_P2_D"
  466     0  176    0        1  1  1    "R_P3_A"
  467     0  176    0        1  1  1    "R_P3_B"
  468     0  176    0        1  1  1    "R_P3_C"
  469     0  176    0        1  1  1    "R_P3_D"
  470     0  176    0        1  1  1    "R_P3_E"
  471     0  176    0        1  1  1    "R_P3_F"
  472     0  203    0        1  1  1    "R_P4_A"
  473     0  203    0        1  1  1    "R_P4_B"
  474     0  203    0        1  1  1    "R_P4_C"
  475     0  203    0        1  1  1    "R_P4_D"
  476     0  203    0        1  1  1    "R_P4_E"
  477     0  203    0        1  1  1    "R_P4_F"
  478     0  203    0        1  1  1    "R_P4_G"
  479     0  255    0        1  1  1    "R_S_A"
  480     0  255    0        1  1  1    "R_S_B"
  481     0  255    0        1  1  1    "R_S_C"
  482     0  255    0        1  1  1    "R_S_D"
  483     0  255    0        1  1  1    "R_S_E"
  484     0  255    0        1  1  1    "R_S_F"
  485     0  255    0        1  1  1    "R_S_G"
  486     0  255    0        1  1  1    "R_S_H"
  487     0  255    0        1  1  1    "R_S_I"
  488     0  255    0        1  1  1    "R_S_J"
  489     0  255    0        1  1  1    "R_S_K"
  490     0  255    0        1  1  1    "R_S_L"
  491     0  255    0        1  1  1    "R_S_M"
  492   200    0    0        1  1  1    "R_M1_A"
  493   200    0    0        1  1  1    "R_M1_B"
  494   200    0    0        1  1  1    "R_M1_C"
  495   200    0    0        1  1  1    "R_M1_D"
  496   255    0    0        1  1  1    "R_M2_A"
  497   255    0    0        1  1  1    "R_M2_B"
  498   255    0    0        1  1  1    "R_M2_C"
  499   255    0    0        1  1  1    "R_M2_D"
  500   255    0    0        1  1  1    "R_M2_E"
  501   255    0    0        1  1  1    "R_M2_F"
  502   255    0    0        1  1  1    "R_M2_G"
  503   255    0    0        1  1  1    "R_M2_H"
  504   255    0    0        1  1  1    "R_M2_I"
  505   255    0    0        1  1  1    "R_M2_J"
  506   255    0    0        1  1  1    "R_M2_K"
  507   104    5    0        1  1  1    "R_SF1_A"
  508   104    5    0        1  1  1    "R_SF1_B"
  509   104    5    0        1  1  1    "R_SF1_C"
  510   104    5    0        1  1  1    "R_SF1_D"
  511   117    3    0        1  1  1    "R_SF2_A"
  512   117    3    0        1  1  1    "R_SF2_B"
  513   117    3    0        1  1  1    "R_SF2_C"
  514   117    3    0        1  1  1    "R_SF2_D"
  515   131    2    0        1  1  1    "R_SF3_A"
  516   131    2    0        1  1  1    "R_SF3_B"
  517   131    2    0        1  1  1    "R_SF3_C"
  518   131    2    0        1  1  1    "R_SF3_D"
  519   149    0    0        1  1  1    "R_SF4_A"
  520   149    0    0        1  1  1    "R_SF4_B"
  521   149    0    0        1  1  1    "R_SF4_C"
  522   149    0    0        1  1  1    "R_SF4_D"
  523   167    0    0        1  1  1    "R_SF5_A"
  524   167    0    0        1  1  1    "R_SF5_B"
  525   167    0    0        1  1  1    "R_SF5_C"
  526   167    0    0        1  1  1    "R_SF5_D"
  527   181    0    0        1  1  1    "R_SF6_A"
  528   181    0    0        1  1  1    "R_SF6_B"
  529   181    0    0        1  1  1    "R_SF6_C"
  530   181    0    0        1  1  1    "R_SF6_D"
  531   190    0    0        1  1  1    "R_SF7_A"
  532   190    0    0        1  1  1    "R_SF7_B"
  533   190    0    0        1  1  1    "R_SF7_C"
  534   190    0    0        1  1  1    "R_SF7_D"
  535   190    0    0        1  1  1    "R_SF7_E"
  536   203    0    0        1  1  1    "R_SF8_A"
  537   203    0    0        1  1  1    "R_SF8_B"
  538   203    0    0        1  1  1    "R_SF8_C"
  539   203    0    0        1  1  1    "R_SF8_D"
  540   255   16   16        1  1  1    "R_MF1_A"
  541   255   16   16        1  1  1    "R_MF1_B"
  542   255   16   16        1  1  1    "R_MF1_C"
  543   255   34   34        1  1  1    "R_MF2_A"
  544   255   34   34        1  1  1    "R_MF2_B"
  545   255   34   34        1  1  1    "R_MF2_C"
  546   255   34   34        1  1  1    "R_MF2_D"
  547   255   43   43        1  1  1    "R_MF3_A"
  548   255   43   43        1  1  1    "R_MF3_B"
  549   255   43   43        1  1  1    "R_MF3_C"
  550   255   43   43        1  1  1    "R_MF3_D"
  551   255   61   61        1  1  1    "R_MF4_A"
  552   255   61   61        1  1  1    "R_MF4_B"
  553   255   61   61        1  1  1    "R_MF4_C"
  554   255   61   61        1  1  1    "R_MF4_D"
  555   255   79   79        1  1  1    "R_MF5_A"
  556   255   79   79        1  1  1    "R_MF5_B"
  557   255   79   79        1  1  1    "R_MF5_C"
  558   255   93   93        1  1  1    "R_MF6_A"
  559   255   93   93        1  1  1    "R_MF6_B"
  560   255   93   93        1  1  1    "R_MF6_C"
  561   255  110  110        1  1  1    "R_MF7_A"
  562   255  110  110        1  1  1    "R_MF7_B"
  563   255  110  110        1  1  1    "R_MF7_C"
  564   255  133  133        1  1  1    "R_MF8_A"
  565   255  133  164        1  1  1    "R_OP_A"
  566   255  133  164        1  1  1    "R_OP_B"
  567   255  133  164        1  1  1    "R_OP_C"
  568   255   84  132        1  1  1    "R_TR1_A"
  569   255   84  132        1  1  1    "R_TR1_B"
  570   255   97  142        1  1  1    "R_TR2_A"
  571   255   97  142        1  1  1    "R_TR2_B"
  572   255  102  151        1  1  1    "R_TR3_A"
  573   255  102  151        1  1  1    "R_TR3_B"
  574   255   79  126        1  1  1    "R_OR_A"
  575   255   79  126        1  1  1    "R_OR_B"
  576   255   79  126        1  1  1    "R_OR_C"
  577   212   70    0        1  1  1    "R_FP1_A"
  578   212   73    0        1  1  1    "R_FP1_B"
  579   212   70    0        1  1  1    "R_FP1_C"
  580   212   70    0        1  1  1    "R_FP1_D"
  581   212   70    0        1  1  1    "R_FP1_E"
  582   212   70    0        1  1  1    "R_FP1_F"
  583   212   70    0        1  1  1    "R_FP1_G"
  584   212   70    0        1  1  1    "R_FP1_H"
  585   230   73    0        1  1  1    "R_FP2_A"
  586   230   73    0        1  1  1    "R_FP2_B"
  587   230   73    0        1  1  1    "R_FP2_C"
  588   230   73    0        1  1  1    "R_FP2_D"
  589   255   81    0        1  1  1    "R_FP3_A"
  590   255   81    0        1  1  1    "R_FP3_B"
  591   255   81    0        1  1  1    "R_FP3_C"
  592   255   81    0        1  1  1    "R_FP3_D"
  593   255   81    0        1  1  1    "R_FP3_E"
  594   255   81    0        1  1  1    "R_FP3_F"
  595   255   81    0        1  1  1    "R_FP3_G"
  596   255   98   25        1  1  1    "R_FP4_A"
  597   255   98   25        1  1  1    "R_FP4_B"
  598   255   98   25        1  1  1    "R_FP4_C"
  599   255   98   25        1  1  1    "R_FP4_D"
  600   255   98   25        1  1  1    "R_FP4_E"
  601   255   98   25        1  1  1    "R_FP4_F"
  602   255  171   52        1  1  1    "R_FO1_A"
  603   255  171   52        1  1  1    "R_FO1_B"
  604   255  171   52        1  1  1    "R_FO1_C"
  605   255  171   52        1  1  1    "R_FO1_D"
  606   255  182   79        1  1  1    "R_FO2_A"
  607   255  182   79        1  1  1    "R_FO2_B"
  608   255  182   79        1  1  1    "R_FO2_C"
  609   255  182   79        1  1  1    "R_FO2_D"
  610   255  182   79        1  1  1    "R_FO2_E"
  611   255  193  106        1  1  1    "R_FO3_A"
  612   255  193  106        1  1  1    "R_FO3_B"
  613   255  193  106        1  1  1    "R_FO3_C"
  614   255  193  106        1  1  1    "R_FO3_D"
  615   255  201  124        1  1  1    "R_FO4_A"
  616   255  201  124        1  1  1    "R_FO4_B"
  617   255  201  124        1  1  1    "R_FO4_C"
  618   255  201  124        1  1  1    "R_FO4_D"
  619   255  201  124        1  1  1    "R_FO5_A"
  620   255  201  124        1  1  1    "R_FO5_B"
  621   255  201  124        1  1  1    "R_FO5_C"
  622   255  201  124        1  1  1    "R_FO5_D"
  623   255  201  124        1  1  1    "R_FO5_E"
  624   255  220  170        1  1  1    "R_FO6_A"
  625   255  220  170        1  1  1    "R_FO6_B"
  626   255  220  170        1  1  1    "R_FO6_C"
  627   226  151  255        1  1  1    "R_LOT_A"
  628   226  151  255        1  1  1    "R_LOT_B"
  629   226  151  255        1  1  1    "R_LOT_C"
  630   226  151  255        1  1  1    "R_LOT_D"
  631   226  151  255        1  1  1    "R_LOT_E"
  632   172  120  255        1  1  1    "R_MOT_A"
  633   172  120  255        1  1  1    "R_MOT_B"
  634   172  120  255        1  1  1    "R_MOT_C"
  635   172  120  255        1  1  1    "R_MOT_D"
  636   172  120  255        1  1  1    "R_MOT_E"
  637   172  120  255        1  1  1    "R_MOT_F"
  638   172  120  255        1  1  1    "R_MOT_G"
  639   172  120  255        1  1  1    "R_MOT_H"
  640   255  133  223        1  1  1    "R_PH_A"
  641   255  133  223        1  1  1    "R_PH_B"
  642   255  133  223        1  1  1    "R_PH_C"
  643   255  133  223        1  1  1    "R_PH_D"
  644   255  133  223        1  1  1    "R_PH_E"
  645   255  133  223        1  1  1    "R_PH_F"
  646   255  133  223        1  1  1    "R_PH_G"
  647   255  213    0        1  1  1    "R_R_A"
  648   255  213    0        1  1  1    "R_R_B"
  649   255  213    0        1  1  1    "R_R_C"
  650   181   69  174        1  1  1    "R_C_A"
  651   181   69  174        1  1  1    "R_C_B"
  652   181   69  174        1  1  1    "R_C_C"
  653   181   69  174        1  1  1    "R_C_D"
  654   181   69  174        1  1  1    "R_C_E"
  655   181   69  174        1  1  1    "R_C_F"
  656   181   69  174        1  1  1    "R_C_G"
  657   181   69  174        1  1  1    "R_C_H"
  658   181   69  174        1  1  1    "R_C_I"
  659   181   69  174        1  1  1    "R_C_J"
  660   181   69  174        1  1  1    "R_C_K"
  661   181   69  174        1  1  1    "R_C_L"
  662   181   69  174        1  1  1    "R_C_M"
  663   181   69  174        1  1  1    "R_C_N.1"
  664   181   69  174        1  1  1    "R_C_N.2"
  665   181   69  174        1  1  1    "R_C_O"
  666   181   69  174        1  1  1    "R_C_P"
  667   181   69  174        1  1  1    "R_C_Q"
  668   181   69  174        1  1  1    "R_C_R"
  669   113   74  255        1  1  1    "R_H_A"
  670   113   74  255        1  1  1    "R_H_B"
  671   113   74  255        1  1  1    "R_H_C"
  672   126    0  230        1  1  1    "R_A_A"
  673   126    0  230        1  1  1    "R_A_B"
  674   107    0  149        1  1  1    "R_I1_A"
  675   107    0  149        1  1  1    "R_I1_B"
  676   107    0  149        1  1  1    "R_I1_C"
  677   126    0  176        1  1  1    "R_I2_A"
  678   126    0  176        1  1  1    "R_I2_B"
  679   126    0  176        1  1  1    "R_I2_C"
  680   155    0  221        1  1  1    "R_I3_A"
  681   155    0  221        1  1  1    "R_I3_B"
  682   155    0  221        1  1  1    "R_I3_C"
  683   190   38  255        1  1  1    "R_I4_A"
  684   190   38  255        1  1  1    "R_I4_B"
  685   190   38  255        1  1  1    "R_I4_C"
  686   190   38  255        1  1  1    "R_I4_D"
  687   211  106  255        1  1  1    "R_I5_A"
  688   211  106  255        1  1  1    "R_I5_B"
  689   211  106  255        1  1  1    "R_I5_C"
  690   211  106  255        1  1  1    "R_I5_D"